2,3,9486,6,7,2,2,200,12,14,0,0,0,0,0,0,0,0,0,0,0,0,0,0,0,0,0,0,0,0
4,3,19997,16,3,2,2,200,12,14,0,0,0,0,0,0,0,0,0,0,0,0,0,0,0,0,0,0,0,0
5,3,11412,8,5,2,2,200,12,14,0,0,0,0,0,0,0,0,0,0,0,0,0,0,0,0,0,0,0,0
5,3,9124,7,5,2,2,200,12,14,0,0,0,0,0,0,0,0,0,0,0,0,0,0,0,0,0,0,0,0
6,3,305,21,1,2,2,200,12,14,0,0,0,0,0,0,0,0,0,0,0,0,0,0,0,0,0,0,0,0
5,3,30036,19,5,2,2,200,12,14,0,0,0,0,0,0,0,0,0,0,0,0,0,0,0,0,0,0,0,0
5,3,26996,17,5,2,2,200,12,14,0,0,0,0,0,0,0,0,0,0,0,0,0,0,0,0,0,0,0,0
6,3,20225,14,2,2,2,200,12,14,0,0,0,0,0,0,0,0,0,0,0,0,0,0,0,0,0,0,0,0
6,3,26113,19,2,2,2,200,12,14,0,0,0,0,0,0,0,0,0,0,0,0,0,0,0,0,0,0,0,0
6,3,21825,16,2,2,2,200,12,14,0,0,0,0,0,0,0,0,0,0,0,0,0,0,0,0,0,0,0,0
7,3,24943,18,6,2,2,200,12,14,0,0,0,0,0,0,0,0,0,0,0,0,0,0,0,0,0,0,0,0
8,2,1362,22,3,2,2,200,12,14,0,0,0,0,0,0,0,0,0,0,0,0,0,0,0,0,0,0,0,0
8,2,16626,14,4,2,2,200,12,14,0,0,0,0,0,0,0,0,0,0,0,0,0,0,0,0,0,0,0,0
9,2,17944,12,7,2,2,200,12,14,0,0,0,0,0,0,0,0,0,0,0,0,0,0,0,0,0,0,0,0
9,2,17128,12,7,2,2,200,12,14,0,0,0,0,0,0,0,0,0,0,0,0,0,0,0,0,0,0,0,0
9,2,11656,7,7,2,2,200,12,14,0,0,0,0,0,0,0,0,0,0,0,0,0,0,0,0,0,0,0,0
9,2,8600,5,7,2,2,200,12,14,0,0,0,0,0,0,0,0,0,0,0,0,0,0,0,0,0,0,0,0
9,2,23912,16,7,2,2,200,12,14,0,0,0,0,0,0,0,0,0,0,0,0,0,0,0,0,0,0,0,0
10,2,19562,15,1,2,2,200,12,14,0,0,0,0,0,0,0,0,0,0,0,0,0,0,0,0,0,0,0,0
11,2,3079,0,3,2,2,200,12,14,0,0,0,0,0,0,0,0,0,0,0,0,0,0,0,0,0,0,0,0
12,2,1862,22,4,2,2,200,12,14,0,0,0,0,0,0,0,0,0,0,0,0,0,0,0,0,0,0,0,0
12,2,24166,17,5,2,1,200,12,14,0,0,0,0,0,0,0,0,0,0,0,0,0,0,0,0,0,0,0,0
13,2,18689,14,2,2,2,200,12,14,0,0,0,0,0,0,0,0,0,0,0,0,0,0,0,0,0,0,0,0
13,2,11265,8,2,2,2,200,12,14,0,0,0,0,0,0,0,0,0,0,0,0,0,0,0,0,0,0,0,0
13,2,6577,4,2,2,2,200,12,14,0,0,0,0,0,0,0,0,0,0,0,0,0,0,0,0,0,0,0,0
14,2,4880,2,6,2,2,200,12,14,0,0,0,0,0,0,0,0,0,0,0,0,0,0,0,0,0,0,0,0
13,2,21713,16,2,2,2,200,12,14,0,0,0,0,0,0,0,0,0,0,0,0,0,0,0,0,0,0,0,0
14,2,21680,15,6,2,2,200,12,14,0,0,0,0,0,0,0,0,0,0,0,0,0,0,0,0,0,0,0,0
14,2,21152,15,6,2,2,200,12,14,0,0,0,0,0,0,0,0,0,0,0,0,0,0,0,0,0,0,0,0
14,2,13040,9,6,2,2,200,12,14,0,0,0,0,0,0,0,0,0,0,0,0,0,0,0,0,0,0,0,0
15,1,18034,14,4,2,1,200,12,14,0,0,0,0,0,0,0,0,0,0,0,0,0,0,0,0,0,0,0,0
16,1,10675,7,7,2,2,200,12,14,0,0,0,0,0,0,0,0,0,0,0,0,0,0,0,0,0,0,0,0
16,1,21923,16,7,2,1,200,12,14,0,0,0,0,0,0,0,0,0,0,0,0,0,0,0,0,0,0,0,0
16,1,19427,14,7,2,2,200,12,14,0,0,0,0,0,0,0,0,0,0,0,0,0,0,0,0,0,0,0,0
17,1,20411,15,1,2,2,200,12,14,0,0,0,0,0,0,0,0,0,0,0,0,0,0,0,0,0,0,0,0
17,1,12635,10,1,2,2,200,12,14,0,0,0,0,0,0,0,0,0,0,0,0,0,0,0,0,0,0,0,0
18,1,23390,19,3,2,2,200,12,14,0,0,0,0,0,0,0,0,0,0,0,0,0,0,0,0,0,0,0,0
18,1,11854,10,3,2,2,200,12,14,0,0,0,0,0,0,0,0,0,0,0,0,0,0,0,0,0,0,0,0
19,1,10950,7,5,2,2,200,12,14,0,0,0,0,0,0,0,0,0,0,0,0,0,0,0,0,0,0,0,0
19,1,23558,16,5,2,1,200,12,14,0,0,0,0,0,0,0,0,0,0,0,0,0,0,0,0,0,0,0,0
20,1,22588,18,2,2,2,200,12,14,0,0,0,0,0,0,0,0,0,0,0,0,0,0,0,0,0,0,0,0
21,1,12567,10,6,2,2,200,12,14,0,0,0,0,0,0,0,0,0,0,0,0,0,0,0,0,0,0,0,0
1,3,1362,22,3,2,2,200,12,14,0,0,0,0,0,0,0,0,0,0,0,0,0,0,0,0,0,0,0,0
1,3,16674,14,4,2,2,200,12,14,0,0,0,0,0,0,0,0,0,0,0,0,0,0,0,0,0,0,0,0
3,3,16680,13,1,2,2,200,12,14,0,0,0,0,0,0,0,0,0,0,0,0,0,0,0,0,0,0,0,0
3,3,12296,10,1,2,2,200,12,14,0,0,0,0,0,0,0,0,0,0,0,0,0,0,0,0,0,0,0,0
5,3,2165,23,4,2,2,200,12,14,0,0,0,0,0,0,0,0,0,0,0,0,0,0,0,0,0,0,0,0
5,3,16197,10,5,2,2,200,12,14,0,0,0,0,0,0,0,0,0,0,0,0,0,0,0,0,0,0,0,0
6,3,2722,23,1,2,2,200,12,14,0,0,0,0,0,0,0,0,0,0,0,0,0,0,0,0,0,0,0,0
5,3,27029,17,5,2,2,200,12,14,0,0,0,0,0,0,0,0,0,0,0,0,0,0,0,0,0,0,0,0
6,3,8738,6,2,2,2,200,12,14,0,0,0,0,0,0,0,0,0,0,0,0,0,0,0,0,0,0,0,0
7,3,5072,2,6,2,2,200,12,14,0,0,0,0,0,0,0,0,0,0,0,0,0,0,0,0,0,0,0,0
7,3,4576,1,6,2,2,200,12,14,0,0,0,0,0,0,0,0,0,0,0,0,0,0,0,0,0,0,0,0
6,3,23778,17,2,2,2,200,12,14,0,0,0,0,0,0,0,0,0,0,0,0,0,0,0,0,0,0,0,0
7,3,18032,13,6,2,1,200,12,14,0,0,0,0,0,0,0,0,0,0,0,0,0,0,0,0,0,0,0,0
7,3,16320,12,6,2,2,200,12,14,0,0,0,0,0,0,0,0,0,0,0,0,0,0,0,0,0,0,0,0
7,3,11968,9,6,2,2,200,12,14,0,0,0,0,0,0,0,0,0,0,0,0,0,0,0,0,0,0,0,0
7,3,9632,6,6,2,2,200,12,14,0,0,0,0,0,0,0,0,0,0,0,0,0,0,0,0,0,0,0,0
8,2,25219,20,4,2,2,200,12,14,0,0,0,0,0,0,0,0,0,0,0,0,0,0,0,0,0,0,0,0
8,2,14419,12,4,2,2,200,12,14,0,0,0,0,0,0,0,0,0,0,0,0,0,0,0,0,0,0,0,0
9,2,10569,6,7,2,1,200,12,14,0,0,0,0,0,0,0,0,0,0,0,0,0,0,0,0,0,0,0,0
9,2,22841,15,7,2,2,200,12,14,0,0,0,0,0,0,0,0,0,0,0,0,0,0,0,0,0,0,0,0
9,2,20153,14,7,2,2,200,12,14,0,0,0,0,0,0,0,0,0,0,0,0,0,0,0,0,0,0,0,0
10,2,7435,6,1,2,2,200,12,14,0,0,0,0,0,0,0,0,0,0,0,0,0,0,0,0,0,0,0,0
12,2,14007,10,5,2,2,200,12,14,0,0,0,0,0,0,0,0,0,0,0,0,0,0,0,0,0,0,0,0
12,2,1879,22,4,2,2,200,12,14,0,0,0,0,0,0,0,0,0,0,0,0,0,0,0,0,0,0,0,0
12,2,1383,22,4,2,2,200,12,14,0,0,0,0,0,0,0,0,0,0,0,0,0,0,0,0,0,0,0,0
13,2,4722,1,2,2,2,200,12,14,0,0,0,0,0,0,0,0,0,0,0,0,0,0,0,0,0,0,0,0
13,2,25922,19,2,2,2,200,12,14,0,0,0,0,0,0,0,0,0,0,0,0,0,0,0,0,0,0,0,0
14,2,23841,17,6,2,2,200,12,14,0,0,0,0,0,0,0,0,0,0,0,0,0,0,0,0,0,0,0,0
14,2,17521,12,6,2,2,200,12,14,0,0,0,0,0,0,0,0,0,0,0,0,0,0,0,0,0,0,0,0
14,2,17361,12,6,2,2,200,12,14,0,0,0,0,0,0,0,0,0,0,0,0,0,0,0,0,0,0,0,0
14,2,25953,18,6,2,2,200,12,14,0,0,0,0,0,0,0,0,0,0,0,0,0,0,0,0,0,0,0,0
14,2,25905,18,6,2,2,200,12,14,0,0,0,0,0,0,0,0,0,0,0,0,0,0,0,0,0,0,0,0
17,1,7020,4,1,2,2,200,12,14,0,0,0,0,0,0,0,0,0,0,0,0,0,0,0,0,0,0,0,0
18,1,15359,13,3,2,2,200,12,14,0,0,0,0,0,0,0,0,0,0,0,0,0,0,0,0,0,0,0,0
19,1,11207,7,5,2,2,200,12,14,0,0,0,0,0,0,0,0,0,0,0,0,0,0,0,0,0,0,0,0
21,1,13624,10,6,2,2,200,12,14,0,0,0,0,0,0,0,0,0,0,0,0,0,0,0,0,0,0,0,0
1,3,13619,11,4,2,2,200,12,14,1,1,0,1,0,0,1,0,1,0,0,1,1,1,1,0,1,1,1,0
2,3,2816,23,6,2,2,200,12,14,0,0,0,0,0,0,0,0,0,0,0,0,0,0,0,0,0,0,0,0
2,3,11840,8,7,2,2,200,12,14,0,0,0,0,0,0,0,0,0,0,0,0,0,0,0,0,0,0,0,0
2,3,9248,6,7,2,2,200,12,14,0,0,0,0,0,0,0,0,0,0,0,0,0,0,0,0,0,0,0,0
2,3,7008,4,7,2,2,200,12,14,0,0,0,0,0,0,0,0,0,0,0,0,0,0,0,0,0,0,0,0
2,3,5376,2,7,2,2,200,12,14,0,0,0,0,0,0,0,0,0,0,0,0,0,0,0,0,0,0,0,0
3,3,20777,16,1,2,2,200,12,14,0,0,0,0,0,0,0,0,0,0,0,0,0,0,0,0,0,0,0,0
4,3,9647,8,3,2,2,200,12,14,0,0,0,0,0,0,0,0,0,0,0,0,0,0,0,0,0,0,0,0
5,3,9398,7,5,2,2,200,12,14,0,0,0,0,0,0,0,0,0,0,0,0,0,0,0,0,0,0,0,0
5,3,30998,20,5,2,2,200,12,14,0,0,0,0,0,0,0,0,0,0,0,0,0,0,0,0,0,0,0,0
6,3,17123,13,2,2,2,200,12,14,0,0,0,0,0,0,0,0,0,0,0,0,0,0,0,0,0,0,0,0
6,3,14979,11,2,2,2,200,12,14,0,0,0,0,0,0,0,0,0,0,0,0,0,0,0,0,0,0,0,0
7,3,6097,2,6,2,2,200,12,14,0,0,0,0,0,0,0,0,0,0,0,0,0,0,0,0,0,0,0,0
7,3,3377,0,6,2,2,200,12,14,0,0,0,0,0,0,0,0,0,0,0,0,0,0,0,0,0,0,0,0
8,2,4804,2,4,1,2,200,0,14,0,0,0,0,0,0,0,0,0,0,0,0,0,0,0,0,0,0,0,0
7,3,25745,18,6,2,2,200,12,14,0,0,0,0,0,0,0,0,0,0,0,0,0,0,0,0,0,0,0,0
8,2,25300,20,4,2,2,200,12,14,0,0,0,0,0,0,0,0,0,0,0,0,0,0,0,0,0,0,0,0
9,2,3130,23,6,2,2,200,12,14,0,0,0,0,0,0,0,0,0,0,0,0,0,0,0,0,0,0,0,0
9,2,22778,15,7,2,2,200,12,14,0,0,0,0,0,0,0,0,0,0,0,0,0,0,0,0,0,0,0,0
10,2,19628,15,1,2,2,200,12,14,0,0,0,0,0,0,0,0,0,0,0,0,0,0,0,0,0,0,0,0
12,2,9176,7,5,2,2,200,12,14,0,0,0,0,0,0,0,0,0,0,0,0,0,0,0,0,0,0,0,0
12,2,5976,3,5,2,2,200,12,14,0,0,0,0,0,0,0,0,0,0,0,0,0,0,0,0,0,0,0,0
12,2,1832,22,4,2,2,200,12,14,0,0,0,0,0,0,0,0,0,0,0,0,0,0,0,0,0,0,0,0
12,2,1736,22,4,2,2,200,12,14,0,0,0,0,0,0,0,0,0,0,0,0,0,0,0,0,0,0,0,0
12,2,27240,19,5,2,2,200,12,14,0,0,0,0,0,0,0,0,0,0,0,0,0,0,0,0,0,0,0,0
12,2,17784,13,5,2,1,200,12,14,0,0,0,0,0,0,0,0,0,0,0,0,0,0,0,0,0,0,0,0
13,2,18851,14,2,2,2,200,12,14,0,0,0,0,0,0,0,0,0,0,0,0,0,0,0,0,0,0,0,0
13,2,8835,6,2,2,2,200,12,14,0,0,0,0,0,0,0,0,0,0,0,0,0,0,0,0,0,0,0,0
14,2,20514,15,6,2,2,200,12,14,0,0,0,0,0,0,0,0,0,0,0,0,0,0,0,0,0,0,0,0
14,2,10674,7,6,2,2,200,12,14,0,0,0,0,0,0,0,0,0,0,0,0,0,0,0,0,0,0,0,0
15,1,10772,8,4,2,2,200,12,14,0,0,0,0,0,0,0,0,0,0,0,0,0,0,0,0,0,0,0,0
17,1,2125,22,7,2,2,200,12,14,0,0,0,0,0,0,0,0,0,0,0,0,0,0,0,0,0,0,0,0
17,1,19901,15,1,2,2,200,12,14,0,0,0,0,0,0,0,0,0,0,0,0,0,0,0,0,0,0,0,0
17,1,13309,10,1,2,2,200,12,14,0,0,0,0,0,0,0,0,0,0,0,0,0,0,0,0,0,0,0,0
17,1,6621,4,1,2,2,200,12,14,0,0,0,0,0,0,0,0,0,0,0,0,0,0,0,0,0,0,0,0
18,1,2528,0,3,2,2,200,12,14,0,0,0,0,0,0,0,0,0,0,0,0,0,0,0,0,0,0,0,0
18,1,18544,15,3,2,2,200,12,14,0,0,0,0,0,0,0,0,0,0,0,0,0,0,0,0,0,0,0,0
19,1,6712,4,5,2,2,200,12,14,0,0,0,0,0,0,0,0,0,0,0,0,0,0,0,0,0,0,0,0
19,1,17912,12,5,2,1,200,12,14,0,0,0,0,0,0,0,0,0,0,0,0,0,0,0,0,0,0,0,0
20,1,8414,6,2,2,2,200,12,14,0,0,0,0,0,0,0,0,0,0,0,0,0,0,0,0,0,0,0,0
20,1,1022,21,1,2,2,200,12,14,0,0,0,0,0,0,0,0,0,0,0,0,0,0,0,0,0,0,0,0
20,1,20366,16,2,2,2,200,12,14,0,0,0,0,0,0,0,0,0,0,0,0,0,0,0,0,0,0,0,0
21,1,12473,10,6,2,2,200,12,14,0,0,0,0,0,0,0,0,0,0,0,0,0,0,0,0,0,0,0,0
21,1,10825,9,6,2,2,200,12,14,0,0,0,0,0,0,0,0,0,0,0,0,0,0,0,0,0,0,0,0
1,3,13172,11,4,2,2,200,12,14,0,0,0,0,0,0,0,0,0,0,0,0,0,0,0,0,0,0,0,0
2,3,11521,8,7,2,1,200,12,14,0,0,0,0,0,0,0,0,0,0,0,0,0,0,0,0,0,0,0,0
2,3,23393,17,7,2,2,200,12,14,0,0,0,0,0,0,0,0,0,0,0,0,0,0,0,0,0,0,0,0
2,3,23345,17,7,2,2,200,12,14,0,0,0,0,0,0,0,0,0,0,0,0,0,0,0,0,0,0,0,0
2,3,21937,16,7,2,2,200,12,14,0,0,0,0,0,0,0,0,0,0,0,0,0,0,0,0,0,0,0,0
4,3,14416,12,3,2,2,200,12,14,0,0,0,0,0,0,0,0,0,0,0,0,0,0,0,0,0,0,0,0
4,3,400,21,2,2,2,200,12,14,0,0,0,0,0,0,0,0,0,0,0,0,0,0,0,0,0,0,0,0
5,3,8439,6,5,2,2,200,12,14,0,0,0,0,0,0,0,0,0,0,0,0,0,0,0,0,0,0,0,0
5,3,7095,4,5,2,2,200,12,14,0,0,0,0,0,0,0,0,0,0,0,0,0,0,0,0,0,0,0,0
6,3,17620,13,2,2,2,200,12,14,0,0,0,0,0,0,0,0,0,0,0,0,0,0,0,0,0,0,0,0
6,3,7460,4,2,2,2,200,12,14,0,0,0,0,0,0,0,0,0,0,0,0,0,0,0,0,0,0,0,0
10,2,19629,15,1,2,2,200,12,14,0,0,0,0,0,0,0,0,0,0,0,0,0,0,0,0,0,0,0,0
11,2,15306,14,3,2,2,200,12,14,0,0,0,0,0,0,0,0,0,0,0,0,0,0,0,0,0,0,0,0
12,2,1865,22,4,2,2,200,12,14,0,0,0,0,0,0,0,0,0,0,0,0,0,0,0,0,0,0,0,0
12,2,1817,22,4,2,2,200,12,14,0,0,0,0,0,0,0,0,0,0,0,0,0,0,0,0,0,0,0,0
12,2,1801,22,4,2,2,200,12,14,0,0,0,0,0,0,0,0,0,0,0,0,0,0,0,0,0,0,0,0
13,2,13300,10,2,2,2,200,12,14,0,0,0,0,0,0,0,0,0,0,0,0,0,0,0,0,0,0,0,0
14,2,7123,3,6,2,2,200,12,14,0,0,0,0,0,0,0,0,0,0,0,0,0,0,0,0,0,0,0,0
14,2,17731,13,6,2,2,200,12,14,0,0,0,0,0,0,0,0,0,0,0,0,0,0,0,0,0,0,0,0
15,1,24165,18,4,2,2,200,12,14,0,0,0,0,0,0,0,0,0,0,0,0,0,0,0,0,0,0,0,0
15,1,16757,13,4,2,2,200,12,14,0,0,0,0,0,0,0,0,0,0,0,0,0,0,0,0,0,0,0,0
16,1,1334,21,6,2,2,200,12,14,0,0,0,0,0,0,0,0,0,0,0,0,0,0,0,0,0,0,0,0
16,1,26230,19,7,2,1,200,12,14,0,0,0,0,0,0,0,0,0,0,0,0,0,0,0,0,0,0,0,0
19,1,25545,17,5,2,2,200,12,14,0,0,0,0,0,0,0,0,0,0,0,0,0,0,0,0,0,0,0,0
19,1,19561,13,5,2,1,200,12,14,0,0,0,0,0,0,0,0,0,0,0,0,0,0,0,0,0,0,0,0
19,1,19449,13,5,2,2,200,12,14,0,0,0,0,0,0,0,0,0,0,0,0,0,0,0,0,0,0,0,0
19,1,14745,10,5,2,2,200,12,14,0,0,0,0,0,0,0,0,0,0,0,0,0,0,0,0,0,0,0,0
20,1,6495,4,2,2,2,200,12,14,0,0,0,0,0,0,0,0,0,0,0,0,0,0,0,0,0,0,0,0
20,1,687,21,1,2,2,200,12,14,0,0,0,0,0,0,0,0,0,0,0,0,0,0,0,0,0,0,0,0
21,1,24234,18,6,2,2,200,12,14,0,0,0,0,0,0,0,0,0,0,0,0,0,0,0,0,0,0,0,0
1,3,5397,2,4,2,2,200,12,14,0,0,0,0,0,0,0,0,0,0,0,0,0,0,0,0,0,0,0,0
1,3,22549,17,4,2,2,200,12,14,0,0,0,0,0,0,0,0,0,0,0,0,0,0,0,0,0,0,0,0
2,3,6226,3,7,2,1,200,12,14,0,0,0,0,0,0,0,0,0,0,0,0,0,0,0,0,0,0,0,0
3,3,23051,18,1,2,2,200,12,14,0,0,0,0,0,0,0,0,0,0,0,0,0,0,0,0,0,0,0,0
3,3,21995,17,1,2,2,200,12,14,0,0,0,0,0,0,0,0,0,0,0,0,0,0,0,0,0,0,0,0
3,3,19803,16,1,2,2,200,12,14,0,0,0,0,0,0,0,0,0,0,0,0,0,0,0,0,0,0,0,0
3,3,18891,15,1,2,2,200,12,14,0,0,0,0,0,0,0,0,0,0,0,0,0,0,0,0,0,0,0,0
4,3,257,21,2,2,2,200,12,14,0,0,0,0,0,0,0,0,0,0,0,0,0,0,0,0,0,0,0,0
4,3,18689,15,3,2,1,200,12,14,0,0,0,0,0,0,0,0,0,0,0,0,0,0,0,0,0,0,0,0
5,3,20696,13,5,2,2,200,12,14,0,0,0,0,0,0,0,0,0,0,0,0,0,0,0,0,0,0,0,0
6,3,2757,23,1,2,2,200,12,14,0,0,0,0,0,0,0,0,0,0,0,0,0,0,0,0,0,0,0,0
5,3,29528,19,5,2,2,200,12,14,0,0,0,0,0,0,0,0,0,0,0,0,0,0,0,0,0,0,0,0
6,3,18181,13,2,2,1,200,12,14,0,0,0,0,0,0,0,0,0,0,0,0,0,0,0,0,0,0,0,0
6,3,17749,13,2,2,2,200,12,14,0,0,0,0,0,0,0,0,0,0,0,0,0,0,0,0,0,0,0,0
7,3,3027,23,5,2,2,200,12,14,0,0,0,0,0,0,0,0,0,0,0,0,0,0,0,0,0,0,0,0
7,3,915,22,5,2,2,200,12,14,0,0,0,0,0,0,0,0,0,0,0,0,0,0,0,0,0,0,0,0
8,2,12038,10,4,2,1,200,12,14,0,0,0,0,0,0,0,0,0,0,0,0,0,0,0,0,0,0,0,0
8,2,1254,22,3,2,2,200,12,14,0,0,0,0,0,0,0,0,0,0,0,0,0,0,0,0,0,0,0,0
8,2,25926,20,4,2,2,200,12,14,0,0,0,0,0,0,0,0,0,0,0,0,0,0,0,0,0,0,0,0
8,2,14486,12,4,2,2,200,12,14,0,0,0,0,0,0,0,0,0,0,0,0,0,0,0,0,0,0,0,0
9,2,13500,9,7,2,2,200,12,14,0,0,0,0,0,0,0,0,0,0,0,0,0,0,0,0,0,0,0,0
10,2,3854,2,1,2,2,200,12,14,0,0,0,0,0,0,0,0,0,0,0,0,0,0,0,0,0,0,0,0
9,2,27948,19,7,2,2,200,12,14,0,0,0,0,0,0,0,0,0,0,0,0,0,0,0,0,0,0,0,0
10,2,18718,15,1,2,2,200,12,14,0,0,0,0,0,0,0,0,0,0,0,0,0,0,0,0,0,0,0,0
10,2,10846,10,1,2,2,200,12,14,0,0,0,0,0,0,0,0,0,0,0,0,0,0,0,0,0,0,0,0
10,2,5118,4,1,2,2,200,12,14,0,0,0,0,0,0,0,0,0,0,0,0,0,0,0,0,0,0,0,0
11,2,4699,3,3,2,2,200,12,14,0,0,0,0,0,0,0,0,0,0,0,0,0,0,0,0,0,0,0,0
12,2,1786,22,4,2,2,200,12,14,0,0,0,0,0,0,0,0,0,0,0,0,0,0,0,0,0,0,0,0
13,2,821,21,1,2,1,200,12,14,0,0,0,0,0,0,0,0,0,0,0,0,0,0,0,0,0,0,0,0
12,2,22266,16,5,2,2,200,12,14,0,0,0,0,0,0,0,0,0,0,0,0,0,0,0,0,0,0,0,0
13,2,21925,16,2,2,2,200,12,14,0,0,0,0,0,0,0,0,0,0,0,0,0,0,0,0,0,0,0,0
14,2,23204,16,6,2,2,200,12,14,0,0,0,0,0,0,0,0,0,0,0,0,0,0,0,0,0,0,0,0
14,2,17588,12,6,2,2,200,12,14,0,0,0,0,0,0,0,0,0,0,0,0,0,0,0,0,0,0,0,0
15,1,5606,2,4,2,2,200,12,14,0,0,0,0,0,0,0,0,0,0,0,0,0,0,0,0,0,0,0,0
17,1,6095,3,1,2,2,200,12,14,0,0,0,0,0,0,0,0,0,0,0,0,0,0,0,0,0,0,0,0
17,1,6031,3,1,2,2,200,12,14,0,0,0,0,0,0,0,0,0,0,0,0,0,0,0,0,0,0,0,0
18,1,23218,19,3,2,2,200,12,14,0,0,0,0,0,0,0,0,0,0,0,0,0,0,0,0,0,0,0,0
18,1,19138,16,3,2,2,200,12,14,0,0,0,0,0,0,0,0,0,0,0,0,0,0,0,0,0,0,0,0
18,1,15442,13,3,2,2,200,12,14,0,0,0,0,0,0,0,0,0,0,0,0,0,0,0,0,0,0,0,0
18,1,11442,9,3,2,1,200,12,14,0,0,0,0,0,0,0,0,0,0,0,0,0,0,0,0,0,0,0,0
19,1,9434,6,5,2,2,200,12,14,0,0,0,0,0,0,0,0,0,0,0,0,0,0,0,0,0,0,0,0
20,1,6256,4,2,2,2,200,12,14,0,0,0,0,0,0,0,0,0,0,0,0,0,0,0,0,0,0,0,0
1,3,14118,12,4,2,2,200,12,14,0,0,0,0,0,0,0,0,0,0,0,0,0,0,0,0,0,0,0,0
1,3,262,21,3,2,2,200,12,14,0,0,0,0,0,0,0,0,0,0,0,0,0,0,0,0,0,0,0,0
1,3,20486,16,4,2,2,200,12,14,0,0,0,0,0,0,0,0,0,0,0,0,0,0,0,0,0,0,0,0
2,3,16835,13,7,2,1,200,12,14,0,0,0,0,0,0,0,0,0,0,0,0,0,0,0,0,0,0,0,0
4,3,13234,11,3,2,2,200,12,14,1,0,1,0,1,1,0,1,0,1,1,1,1,0,0,1,0,1,0,1
4,3,10866,9,3,2,2,200,12,14,0,0,0,0,0,0,0,0,0,0,0,0,0,0,0,0,0,0,0,0
5,3,20649,13,5,2,2,200,12,14,0,0,0,0,0,0,0,0,0,0,0,0,0,0,0,0,0,0,0,0
5,3,19033,12,5,2,2,200,12,14,0,0,0,0,0,0,0,0,0,0,0,0,0,0,0,0,0,0,0,0
5,3,16265,11,5,2,1,200,12,14,0,0,0,0,0,0,0,0,0,0,0,0,0,0,0,0,0,0,0,0
5,3,13145,9,5,2,1,200,12,14,0,0,0,0,0,0,0,0,0,0,0,0,0,0,0,0,0,0,0,0
5,3,10985,8,5,2,2,200,12,14,0,0,0,0,0,0,0,0,0,0,0,0,0,0,0,0,0,0,0,0
7,3,20708,15,6,2,2,200,12,14,0,0,0,0,0,0,0,0,0,0,0,0,0,0,0,0,0,0,0,0
7,3,11572,8,6,2,2,200,12,14,0,0,0,0,0,0,0,0,0,0,0,0,0,0,0,0,0,0,0,0
8,2,4455,2,4,2,2,200,12,14,0,0,0,0,0,0,0,0,0,0,0,0,0,0,0,0,0,0,0,0
8,2,4007,1,4,2,2,200,12,14,0,0,0,0,0,0,0,0,0,0,0,0,0,0,0,0,0,0,0,0
8,2,2999,0,4,2,2,200,12,14,0,0,0,0,0,0,0,0,0,0,0,0,0,0,0,0,0,0,0,0
9,2,4029,0,7,2,2,200,12,14,0,0,0,0,0,0,0,0,0,0,0,0,0,0,0,0,0,0,0,0
9,2,19661,13,7,2,2,200,12,14,0,0,0,0,0,0,0,0,0,0,0,0,0,0,0,0,0,0,0,0
10,2,17455,14,1,2,2,200,12,14,0,0,0,0,0,0,0,0,0,0,0,0,0,0,0,0,0,0,0,0
10,2,13951,12,1,2,2,200,12,14,0,0,0,0,0,0,0,0,0,0,0,0,0,0,0,0,0,0,0,0
11,2,2380,23,2,2,2,200,12,14,0,0,0,0,0,0,0,0,0,0,0,0,0,0,0,0,0,0,0,0
11,2,23644,19,3,2,2,200,12,14,0,0,0,0,0,0,0,0,0,0,0,0,0,0,0,0,0,0,0,0
11,2,22252,18,3,2,2,200,12,14,0,0,0,0,0,0,0,0,0,0,0,0,0,0,0,0,0,0,0,0
12,2,6651,4,5,2,2,200,12,14,0,0,0,0,0,0,0,0,0,0,0,0,0,0,0,0,0,0,0,0
12,2,4635,2,5,2,2,200,12,14,0,0,0,0,0,0,0,0,0,0,0,0,0,0,0,0,0,0,0,0
12,2,1883,22,4,2,2,200,12,14,0,0,0,0,0,0,0,0,0,0,0,0,0,0,0,0,0,0,0,0
12,2,1851,22,4,2,2,200,12,14,0,0,0,0,0,0,0,0,0,0,0,0,0,0,0,0,0,0,0,0
12,2,18731,13,5,2,2,200,12,14,0,0,0,0,0,0,0,0,0,0,0,0,0,0,0,0,0,0,0,0
13,2,27670,20,2,2,2,200,12,14,0,0,0,0,0,0,0,0,0,0,0,0,0,0,0,0,0,0,0,0
14,2,10133,6,6,2,2,200,12,14,0,0,0,0,0,0,0,0,0,0,0,0,0,0,0,0,0,0,0,0
15,1,7991,5,4,2,2,200,12,14,0,0,0,0,0,0,0,0,0,0,0,0,0,0,0,0,0,0,0,0
16,1,88,21,6,2,2,200,12,14,0,0,0,0,0,0,0,0,0,0,0,0,0,0,0,0,0,0,0,0
15,1,26471,20,4,2,2,200,12,14,0,0,0,0,0,0,0,0,0,0,0,0,0,0,0,0,0,0,0,0
15,1,14567,11,4,2,2,200,12,14,0,0,0,0,0,0,0,0,0,0,0,0,0,0,0,0,0,0,0,0
16,1,10600,7,7,2,2,200,12,14,0,0,0,0,0,0,0,0,0,0,0,0,0,0,0,0,0,0,0,0
18,1,23011,18,3,2,2,200,12,14,0,0,0,0,0,0,0,0,0,0,0,0,0,0,0,0,0,0,0,0
19,1,3515,0,5,2,1,200,12,14,0,0,0,0,0,0,0,0,0,0,0,0,0,0,0,0,0,0,0,0
19,1,1883,22,4,2,2,200,12,14,0,0,0,0,0,0,0,0,0,0,0,0,0,0,0,0,0,0,0,0
19,1,14571,10,5,2,2,200,12,14,0,0,0,0,0,0,0,0,0,0,0,0,0,0,0,0,0,0,0,0
21,1,17228,13,6,2,2,200,12,14,0,0,0,0,0,0,0,0,0,0,0,0,0,0,0,0,0,0,0,0
1,3,3463,0,4,2,2,200,12,14,0,0,0,0,0,0,0,0,0,0,0,0,0,0,0,0,0,0,0,0
1,3,3127,23,3,2,2,200,12,14,0,0,0,0,0,0,0,0,0,0,0,0,0,0,0,0,0,0,0,0
2,3,4804,2,7,2,2,200,12,14,0,0,0,0,0,0,0,0,0,0,0,0,0,0,0,0,0,0,0,0
3,3,4397,2,1,2,2,200,12,14,0,0,0,0,0,0,0,0,0,0,0,0,0,0,0,0,0,0,0,0
4,3,8387,7,3,2,2,200,12,14,0,0,0,0,0,0,0,0,0,0,0,0,0,0,0,0,0,0,0,0
5,3,10938,8,5,2,2,200,12,14,0,0,0,0,0,0,0,0,0,0,0,0,0,0,0,0,0,0,0,0
6,3,12727,9,2,2,2,200,12,14,0,0,0,0,0,0,0,0,0,0,0,0,0,0,0,0,0,0,0,0
6,3,5575,2,2,2,2,200,12,14,0,0,0,0,0,0,0,0,0,0,0,0,0,0,0,0,0,0,0,0
8,2,8360,7,4,2,2,200,12,14,0,0,0,0,0,0,0,0,0,0,0,0,0,0,0,0,0,0,0,0
8,2,2792,23,3,2,2,200,12,14,0,0,0,0,0,0,0,0,0,0,0,0,0,0,0,0,0,0,0,0
9,2,3694,23,6,2,2,200,12,14,0,0,0,0,0,0,0,0,0,0,0,0,0,0,0,0,0,0,0,0
10,2,9680,9,1,2,2,200,12,14,0,0,0,0,0,0,0,0,0,0,0,0,0,0,0,0,0,0,0,0
11,2,4973,3,3,2,2,200,12,14,0,0,0,0,0,0,0,0,0,0,0,0,0,0,0,0,0,0,0,0
11,2,3037,0,3,2,2,200,12,14,0,0,0,0,0,0,0,0,0,0,0,0,0,0,0,0,0,0,0,0
12,2,1868,22,4,2,2,200,12,14,0,0,0,0,0,0,0,0,0,0,0,0,0,0,0,0,0,0,0,0
12,2,17628,13,5,2,2,200,12,14,0,0,0,0,0,0,0,0,0,0,0,0,0,0,0,0,0,0,0,0
13,2,18087,13,2,2,2,200,12,14,0,0,0,0,0,0,0,0,0,0,0,0,0,0,0,0,0,0,0,0
13,2,5239,2,2,2,2,200,12,14,0,0,0,0,0,0,0,0,0,0,0,0,0,0,0,0,0,0,0,0
14,2,8166,4,6,2,2,200,12,14,0,0,0,0,0,0,0,0,0,0,0,0,0,0,0,0,0,0,0,0
13,2,26359,19,2,2,2,200,12,14,0,0,0,0,0,0,0,0,0,0,0,0,0,0,0,0,0,0,0,0
14,2,21398,15,6,2,2,200,12,14,0,0,0,0,0,0,0,0,0,0,0,0,0,0,0,0,0,0,0,0
14,2,24630,17,6,2,2,200,12,14,0,0,0,0,0,0,0,0,0,0,0,0,0,0,0,0,0,0,0,0
15,1,25512,20,4,2,2,200,12,14,0,0,0,0,0,0,0,0,0,0,0,0,0,0,0,0,0,0,0,0
15,1,19464,15,4,2,2,200,12,14,0,0,0,0,0,0,0,0,0,0,0,0,0,0,0,0,0,0,0,0
15,1,12344,9,4,2,2,200,12,14,0,0,0,0,0,0,0,0,0,0,0,0,0,0,0,0,0,0,0,0
18,1,6212,5,3,2,2,200,12,14,0,0,0,0,0,0,0,0,0,0,0,0,0,0,0,0,0,0,0,0
18,1,5236,4,3,2,2,200,12,14,0,0,0,0,0,0,0,0,0,0,0,0,0,0,0,0,0,0,0,0
17,1,27521,20,1,2,2,200,12,14,0,0,0,0,0,0,0,0,0,0,0,0,0,0,0,0,0,0,0,0
18,1,23588,19,3,2,2,200,12,14,0,0,0,0,0,0,0,0,0,0,0,0,0,0,0,0,0,0,0,0
18,1,20724,17,3,2,2,200,12,14,0,0,0,0,0,0,0,0,0,0,0,0,0,0,0,0,0,0,0,0
18,1,14916,12,3,2,2,200,12,14,0,0,0,0,0,0,0,0,0,0,0,0,0,0,0,0,0,0,0,0
18,1,12244,10,3,2,2,200,12,14,0,0,0,0,0,0,0,0,0,0,0,0,0,0,0,0,0,0,0,0
19,1,3788,0,5,2,2,200,12,14,0,0,0,0,0,0,0,0,0,0,0,0,0,0,0,0,0,0,0,0
19,1,24572,17,5,2,2,200,12,14,0,0,0,0,0,0,0,0,0,0,0,0,0,0,0,0,0,0,0,0
20,1,15154,12,2,2,2,200,12,14,0,0,0,0,0,0,0,0,0,0,0,0,0,0,0,0,0,0,0,0
20,1,4594,2,2,2,2,200,12,14,0,0,0,0,0,0,0,0,0,0,0,0,0,0,0,0,0,0,0,0
