1,3,24353,18,4,2,2,200,12,16,0,0,0,0,0,0,0,0,0,0,0,0,0,0,0,0,0
1,3,24321,18,4,2,2,200,12,16,0,0,0,0,0,0,0,0,0,0,0,0,0,0,0,0,0
2,3,14734,11,7,2,2,200,12,16,0,0,0,0,0,0,0,0,0,0,0,0,0,0,0,0,0
2,3,9502,6,7,2,2,200,12,16,0,0,0,0,0,0,0,0,0,0,0,0,0,0,0,0,0
2,3,25870,19,7,2,2,200,12,16,0,0,0,0,0,0,0,0,0,0,0,0,0,0,0,0,0
2,3,24974,18,7,2,1,200,12,16,0,0,0,0,0,0,0,0,0,0,0,0,0,0,0,0,0
3,3,22823,18,1,2,2,200,12,16,0,0,0,0,0,0,0,0,0,0,0,0,0,0,0,0,0
5,3,4996,3,5,2,2,200,12,16,0,0,0,0,0,0,0,0,0,0,0,0,0,0,0,0,0
5,3,7620,5,5,2,2,200,12,16,0,0,0,0,0,0,0,0,0,0,0,0,0,0,0,0,0
6,3,13585,10,2,2,2,200,12,16,0,0,0,0,0,0,0,0,0,0,0,0,0,0,0,0,0
7,3,6607,3,6,2,2,200,12,16,0,0,0,0,0,0,0,0,0,0,0,0,0,0,0,0,0
7,3,1519,22,5,2,2,200,12,16,0,0,0,0,0,0,0,0,0,0,0,0,0,0,0,0,0
6,3,23505,17,2,2,2,200,12,16,0,0,0,0,0,0,0,0,0,0,0,0,0,0,0,0,0
6,3,22257,16,2,2,2,200,12,16,0,0,0,0,0,0,0,0,0,0,0,0,0,0,0,0,0
7,3,13663,10,6,2,2,200,12,16,0,0,0,0,0,0,0,0,0,0,0,0,0,0,0,0,0
8,2,12130,10,4,2,2,200,12,16,0,0,0,0,0,0,0,0,0,0,0,0,0,0,0,0,0
8,2,8034,6,4,2,2,200,12,16,0,0,0,0,0,0,0,0,0,0,0,0,0,0,0,0,0
9,2,16328,11,7,2,2,200,12,16,0,0,0,0,0,0,0,0,0,0,0,0,0,0,0,0,0
9,2,13528,9,7,2,2,200,12,16,0,0,0,0,0,0,0,0,0,0,0,0,0,0,0,0,0
9,2,5064,1,7,2,2,200,12,16,0,0,0,0,0,0,0,0,0,0,0,0,0,0,0,0,0
10,2,2138,23,7,2,2,200,12,16,0,0,0,0,0,0,0,0,0,0,0,0,0,0,0,0,0
9,2,26760,18,7,2,2,200,12,16,0,0,0,0,0,0,0,0,0,0,0,0,0,0,0,0,0
9,2,22088,15,7,2,2,200,12,16,0,0,0,0,0,0,0,0,0,0,0,0,0,0,0,0,0
10,2,17002,14,1,2,2,200,12,16,0,0,0,0,0,0,0,0,0,0,0,0,0,0,0,0,0
10,2,16218,13,1,2,2,200,12,16,0,0,0,0,0,0,0,0,0,0,0,0,0,0,0,0,0
10,2,11786,10,1,2,2,200,12,16,0,0,0,0,0,0,0,0,0,0,0,0,0,0,0,0,0
10,2,9082,8,1,2,2,200,12,16,0,0,0,0,0,0,0,0,0,0,0,0,0,0,0,0,0
10,2,24298,19,1,2,2,200,12,16,0,0,0,0,0,0,0,0,0,0,0,0,0,0,0,0,0
10,2,23946,18,1,2,2,200,12,16,0,0,0,0,0,0,0,0,0,0,0,0,0,0,0,0,0
10,2,23834,18,1,2,2,200,12,16,0,0,0,0,0,0,0,0,0,0,0,0,0,0,0,0,0
11,2,23639,19,3,2,2,200,12,16,0,0,0,0,0,0,0,0,0,0,0,0,0,0,0,0,0
12,2,11078,9,5,2,2,200,12,16,0,0,0,0,0,0,0,0,0,0,0,0,0,0,0,0,0
12,2,2790,23,4,2,2,200,12,16,0,0,0,0,0,0,0,0,0,0,0,0,0,0,0,0,0
12,2,1414,22,4,2,2,200,12,16,0,0,0,0,0,0,0,0,0,0,0,0,0,0,0,0,0
13,2,2785,23,1,2,1,200,12,16,0,0,0,0,0,0,0,0,0,0,0,0,0,0,0,0,0
13,2,17153,13,2,2,2,200,12,16,0,0,0,0,0,0,0,0,0,0,0,0,0,0,0,0,0
14,2,5488,2,6,2,2,200,12,16,0,0,0,0,0,0,0,0,0,0,0,0,0,0,0,0,0
13,2,23937,18,2,2,2,200,12,16,0,0,0,0,0,0,0,0,0,0,0,0,0,0,0,0,0
13,2,21521,16,2,2,2,200,12,16,0,0,0,0,0,0,0,0,0,0,0,0,0,0,0,0,0
14,2,13136,9,6,2,2,200,12,16,0,0,0,0,0,0,0,0,0,0,0,0,0,0,0,0,0
14,2,9392,6,6,2,2,200,12,16,0,0,0,0,0,0,0,0,0,0,0,0,0,0,0,0,0
14,2,9232,6,6,2,2,200,12,16,0,0,0,0,0,0,0,0,0,0,0,0,0,0,0,0,0
15,1,9218,6,4,2,2,200,12,16,0,0,0,0,0,0,0,0,0,0,0,0,0,0,0,0,0
15,1,6898,4,4,2,2,200,12,16,0,0,0,0,0,0,0,0,0,0,0,0,0,0,0,0,0
15,1,5602,2,4,2,2,200,12,16,0,0,0,0,0,0,0,0,0,0,0,0,0,0,0,0,0
15,1,1458,22,3,2,2,200,12,16,0,0,0,0,0,0,0,0,0,0,0,0,0,0,0,0,0
14,2,27696,20,6,2,2,200,12,16,0,0,0,0,0,0,0,0,0,0,0,0,0,0,0,0,0
15,1,22002,17,4,2,2,200,12,16,0,0,0,0,0,0,0,0,0,0,0,0,0,0,0,0,0
16,1,16483,12,7,2,2,200,12,16,0,0,0,0,0,0,0,0,0,0,0,0,0,0,0,0,0
16,1,12851,9,7,2,2,200,12,16,0,0,0,0,0,0,0,0,0,0,0,0,0,0,0,0,0
16,1,7891,5,7,2,2,200,12,16,0,0,0,0,0,0,0,0,0,0,0,0,0,0,0,0,0
16,1,6291,3,7,2,2,200,12,16,0,0,0,0,0,0,0,0,0,0,0,0,0,0,0,0,0
18,1,3406,1,3,2,2,200,12,16,0,0,0,0,0,0,0,0,0,0,0,0,0,0,0,0,0
18,1,16686,14,3,2,2,200,12,16,0,0,0,0,0,0,0,0,0,0,0,0,0,0,0,0,0
18,1,13150,11,3,2,2,200,12,16,0,0,0,0,0,0,0,0,0,0,0,0,0,0,0,0,0
18,1,9198,8,3,2,2,200,12,16,0,0,0,0,0,0,0,0,0,0,0,0,0,0,0,0,0
19,1,14230,9,5,2,2,200,12,16,0,0,0,0,0,0,0,0,0,0,0,0,0,0,0,0,0
19,1,4822,2,5,2,2,200,12,16,0,0,0,0,0,0,0,0,0,0,0,0,0,0,0,0,0
19,1,16838,11,5,2,2,200,12,16,0,0,0,0,0,0,0,0,0,0,0,0,0,0,0,0,0
20,1,7708,5,2,2,2,200,12,16,0,0,0,0,0,0,0,0,0,0,0,0,0,0,0,0,0
20,1,5180,2,2,2,2,200,12,16,0,0,0,0,0,0,0,0,0,0,0,0,0,0,0,0,0
21,1,1527,22,5,2,2,200,12,16,0,0,0,0,0,0,0,0,0,0,0,0,0,0,0,0,0
21,1,231,21,5,2,2,200,12,16,0,0,0,0,0,0,0,0,0,0,0,0,0,0,0,0,0
21,1,19895,15,6,2,2,200,12,16,0,0,0,0,0,0,0,0,0,0,0,0,0,0,0,0,0
21,1,18647,14,6,2,2,200,12,16,0,0,0,0,0,0,0,0,0,0,0,0,0,0,0,0,0
21,1,11287,9,6,2,2,200,12,16,0,0,0,0,0,0,0,0,0,0,0,0,0,0,0,0,0
21,1,6999,5,6,2,2,200,12,16,0,0,0,0,0,0,0,0,0,0,0,0,0,0,0,0,0
21,1,21495,16,6,2,2,200,12,16,0,0,0,0,0,0,0,0,0,0,0,0,0,0,0,0,0
1,3,14290,12,4,2,1,200,12,16,0,0,0,0,0,0,0,0,0,0,0,0,0,0,0,0,0
1,3,26834,20,4,2,2,200,12,16,0,0,0,0,0,0,0,0,0,0,0,0,0,0,0,0,0
1,3,16370,13,4,2,2,200,12,16,0,0,0,0,0,0,0,0,0,0,0,0,0,0,0,0,0
2,3,14287,11,7,2,2,200,12,16,0,0,0,0,0,0,0,0,0,0,0,0,0,0,0,0,0
3,3,3880,1,1,2,2,200,12,16,0,0,0,0,0,0,0,0,0,0,0,0,0,0,0,0,0
2,3,22559,17,7,2,2,200,12,16,0,0,0,0,0,0,0,0,0,0,0,0,0,0,0,0,0
3,3,23560,19,1,2,2,200,12,16,0,0,0,0,0,0,0,0,0,0,0,0,0,0,0,0,0
3,3,23336,19,1,2,2,200,12,16,0,0,0,0,0,0,0,0,0,0,0,0,0,0,0,0,0
3,3,23128,18,1,2,2,200,12,16,0,0,0,0,0,0,0,0,0,0,0,0,0,0,0,0,0
3,3,9064,7,1,2,2,200,12,16,0,0,0,0,0,0,0,0,0,0,0,0,0,0,0,0,0
5,3,725,21,4,2,2,200,12,16,0,0,0,0,0,0,0,0,0,0,0,0,0,0,0,0,0
5,3,18181,12,5,2,2,200,12,16,0,0,0,0,0,0,0,0,0,0,0,0,0,0,0,0,0
6,3,16610,12,2,2,2,200,12,16,0,0,0,0,0,0,0,0,0,0,0,0,0,0,0,0,0
6,3,10322,7,2,2,2,200,12,16,0,0,0,0,0,0,0,0,0,0,0,0,0,0,0,0,0
7,3,8768,5,6,2,2,200,12,16,0,0,0,0,0,0,0,0,0,0,0,0,0,0,0,0,0
7,3,18496,14,6,2,2,200,12,16,0,0,0,0,0,0,0,0,0,0,0,0,0,0,0,0,0
7,3,13440,10,6,2,2,200,12,16,0,0,0,0,0,0,0,0,0,0,0,0,0,0,0,0,0
8,2,10931,9,4,2,2,200,12,16,0,0,0,0,0,0,0,0,0,0,0,0,0,0,0,0,0
9,2,5689,2,7,2,2,200,12,16,0,0,0,0,0,0,0,0,0,0,0,0,0,0,0,0,0
9,2,26905,18,7,2,2,200,12,16,0,0,0,0,0,0,0,0,0,0,0,0,0,0,0,0,0
9,2,25881,18,7,2,2,200,12,16,0,0,0,0,0,0,0,0,0,0,0,0,0,0,0,0,0
9,2,21641,15,7,2,2,200,12,16,0,0,0,0,0,0,0,0,0,0,0,0,0,0,0,0,0
10,2,24923,19,1,2,2,200,12,16,0,0,0,0,0,0,0,0,0,0,0,0,0,0,0,0,0
10,2,24475,19,1,2,2,200,12,16,0,0,0,0,0,0,0,0,0,0,0,0,0,0,0,0,0
11,2,20456,17,3,2,2,200,12,16,0,0,0,0,0,0,0,0,0,0,0,0,0,0,0,0,0
12,2,1895,22,4,2,2,200,12,16,0,0,0,0,0,0,0,0,0,0,0,0,0,0,0,0,0
12,2,1415,22,4,2,2,200,12,16,0,0,0,0,0,0,0,0,0,0,0,0,0,0,0,0,0
13,2,2322,23,1,2,1,200,12,16,0,0,0,0,0,0,0,0,0,0,0,0,0,0,0,0,0
12,2,27335,19,5,2,2,200,12,16,0,0,0,0,0,0,0,0,0,0,0,0,0,0,0,0,0
13,2,14226,10,2,2,2,200,12,16,0,0,0,0,0,0,0,0,0,0,0,0,0,0,0,0,0
13,2,6594,4,2,2,2,200,12,16,0,0,0,0,0,0,0,0,0,0,0,0,0,0,0,0,0
13,2,5618,3,2,2,2,200,12,16,0,0,0,0,0,0,0,0,0,0,0,0,0,0,0,0,0
14,2,5553,2,6,2,2,200,12,16,0,0,0,0,0,0,0,0,0,0,0,0,0,0,0,0,0
14,2,5521,2,6,2,2,200,12,16,0,0,0,0,0,0,0,0,0,0,0,0,0,0,0,0,0
14,2,28785,20,6,2,2,200,12,16,0,0,0,0,0,0,0,0,0,0,0,0,0,0,0,0,0
14,2,28753,20,6,2,2,200,12,16,0,0,0,0,0,0,0,0,0,0,0,0,0,0,0,0,0
14,2,25793,18,6,2,2,200,12,16,0,0,0,0,0,0,0,0,0,0,0,0,0,0,0,0,0
14,2,24481,17,6,2,2,200,12,16,0,0,0,0,0,0,0,0,0,0,0,0,0,0,0,0,0
16,1,7204,4,7,2,2,200,12,16,0,0,0,0,0,0,0,0,0,0,0,0,0,0,0,0,0
16,1,20324,15,7,2,2,200,12,16,0,0,0,0,0,0,0,0,0,0,0,0,0,0,0,0,0
17,1,13436,10,1,2,2,200,12,16,0,0,0,0,0,0,0,0,0,0,0,0,0,0,0,0,0
18,1,4783,3,3,2,2,200,12,16,0,0,0,0,0,0,0,0,0,0,0,0,0,0,0,0,0
18,1,2351,23,2,2,2,200,12,16,0,0,0,0,0,0,0,0,0,0,0,0,0,0,0,0,0
18,1,2287,23,2,2,2,200,12,16,0,0,0,0,0,0,0,0,0,0,0,0,0,0,0,0,0
18,1,19663,16,3,2,2,200,12,16,0,0,0,0,0,0,0,0,0,0,0,0,0,0,0,0,0
18,1,17183,14,3,2,2,200,12,16,0,0,0,0,0,0,0,0,0,0,0,0,0,0,0,0,0
18,1,10495,9,3,2,2,200,12,16,0,0,0,0,0,0,0,0,0,0,0,0,0,0,0,0,0
19,1,12791,8,5,2,2,200,12,16,0,0,0,0,0,0,0,0,0,0,0,0,0,0,0,0,0
19,1,7815,5,5,2,2,200,12,16,0,0,0,0,0,0,0,0,0,0,0,0,0,0,0,0,0
19,1,25543,17,5,2,2,200,12,16,0,0,0,0,0,0,0,0,0,0,0,0,0,0,0,0,0
19,1,18519,12,5,2,1,200,12,16,0,0,0,0,0,0,0,0,0,0,0,0,0,0,0,0,0
20,1,4621,2,2,2,2,200,12,16,0,0,0,0,0,0,0,0,0,0,0,0,0,0,0,0,0
20,1,23885,18,2,2,2,200,12,16,0,0,0,0,0,0,0,0,0,0,0,0,0,0,0,0,0
21,1,19992,15,6,2,2,200,12,16,0,0,0,0,0,0,0,0,0,0,0,0,0,0,0,0,0
21,1,19352,14,6,2,2,200,12,16,0,0,0,0,0,0,0,0,0,0,0,0,0,0,0,0,0
21,1,11880,9,6,2,2,200,12,16,0,0,0,0,0,0,0,0,0,0,0,0,0,0,0,0,0
21,1,8008,6,6,2,2,200,12,16,0,0,0,0,0,0,0,0,0,0,0,0,0,0,0,0,0
21,1,23064,17,6,2,2,200,12,16,0,0,0,0,0,0,0,0,0,0,0,0,0,0,0,0,0
1,3,10275,8,4,2,1,200,12,16,0,0,0,0,0,0,0,0,0,0,0,0,0,0,0,0,0
1,3,24771,19,4,2,2,200,12,16,0,0,0,0,0,0,0,0,0,0,0,0,0,0,0,0,0
1,3,24323,18,4,2,2,200,12,16,0,0,0,0,0,0,0,0,0,0,0,0,0,0,0,0,0
1,3,20083,16,4,2,2,200,12,16,0,0,0,0,0,0,0,0,0,0,0,0,0,0,0,0,0
2,3,16800,13,7,2,2,200,12,16,0,0,0,0,0,0,0,0,0,0,0,0,0,0,0,0,0
3,3,7913,6,1,2,1,200,12,16,0,0,0,0,0,0,0,0,0,0,0,0,0,0,0,0,0
3,3,7801,6,1,2,2,200,12,16,0,0,0,0,0,0,0,0,0,0,0,0,0,0,0,0,0
3,3,3113,0,1,2,2,200,12,16,0,0,0,0,0,0,0,0,0,0,0,0,0,0,0,0,0
3,3,1513,22,7,2,2,200,12,16,0,0,0,0,0,0,0,0,0,0,0,0,0,0,0,0,0
2,3,24544,18,7,2,2,200,12,16,0,0,0,0,0,0,0,0,0,0,0,0,0,0,0,0,0
2,3,23264,17,7,2,2,200,12,16,0,0,0,0,0,0,0,0,0,0,0,0,0,0,0,0,0
3,3,24297,19,1,2,2,200,12,16,0,0,0,0,0,0,0,0,0,0,0,0,0,0,0,0,0
3,3,23289,18,1,2,2,200,12,16,0,0,0,0,0,0,0,0,0,0,0,0,0,0,0,0,0
3,3,13817,12,1,2,2,200,12,16,0,0,0,0,0,0,0,0,0,0,0,0,0,0,0,0,0
3,3,11353,10,1,2,2,200,12,16,0,0,0,0,0,0,0,0,0,0,0,0,0,0,0,0,0
4,3,5023,3,3,2,2,200,12,16,0,0,0,0,0,0,0,0,0,0,0,0,0,0,0,0,0
5,3,550,21,4,2,2,200,12,16,0,0,0,0,0,0,0,0,0,0,0,0,0,0,0,0,0
5,3,18022,12,5,2,2,200,12,16,0,0,0,0,0,0,0,0,0,0,0,0,0,0,0,0,0
5,3,7670,5,5,2,2,200,12,16,0,0,0,0,0,0,0,0,0,0,0,0,0,0,0,0,0
5,3,28310,18,5,2,2,200,12,16,0,0,0,0,0,0,0,0,0,0,0,0,0,0,0,0,0
5,3,27334,18,5,2,2,200,12,16,0,0,0,0,0,0,0,0,0,0,0,0,0,0,0,0,0
6,3,20259,14,2,2,2,200,12,16,0,0,0,0,0,0,0,0,0,0,0,0,0,0,0,0,0
6,3,16611,12,2,2,2,200,12,16,0,0,0,0,0,0,0,0,0,0,0,0,0,0,0,0,0
6,3,11203,8,2,2,2,200,12,16,0,0,0,0,0,0,0,0,0,0,0,0,0,0,0,0,0
6,3,26707,19,2,2,2,200,12,16,0,0,0,0,0,0,0,0,0,0,0,0,0,0,0,0,0
6,3,23459,17,2,2,2,200,12,16,0,0,0,0,0,0,0,0,0,0,0,0,0,0,0,0,0
7,3,12817,9,6,2,2,200,12,16,0,0,0,0,0,0,0,0,0,0,0,0,0,0,0,0,0
8,2,5588,4,4,2,1,200,12,16,0,0,0,0,0,0,0,0,0,0,0,0,0,0,0,0,0
8,2,22420,18,4,2,2,200,12,16,0,0,0,0,0,0,0,0,0,0,0,0,0,0,0,0,0
8,2,18052,15,4,2,2,200,12,16,0,0,0,0,0,0,0,0,0,0,0,0,0,0,0,0,0
9,2,10474,6,7,2,1,200,12,16,0,0,0,0,0,0,0,0,0,0,0,0,0,0,0,0,0
9,2,21610,15,7,2,2,200,12,16,0,0,0,0,0,0,0,0,0,0,0,0,0,0,0,0,0
10,2,17036,14,1,2,2,200,12,16,0,0,0,0,0,0,0,0,0,0,0,0,0,0,0,0,0
10,2,10700,9,1,2,2,200,12,16,0,0,0,0,0,0,0,0,0,0,0,0,0,0,0,0,0
10,2,6972,6,1,2,2,200,12,16,0,0,0,0,0,0,0,0,0,0,0,0,0,0,0,0,0
11,2,9993,9,3,2,2,200,12,16,0,0,0,0,0,0,0,0,0,0,0,0,0,0,0,0,0
11,2,20521,17,3,2,2,200,12,16,0,0,0,0,0,0,0,0,0,0,0,0,0,0,0,0,0
11,2,20329,16,3,2,2,200,12,16,0,0,0,0,0,0,0,0,0,0,0,0,0,0,0,0,0
11,2,15769,14,3,2,2,200,12,16,0,0,0,0,0,0,0,0,0,0,0,0,0,0,0,0,0
12,2,11064,9,5,2,2,200,12,16,0,0,0,0,0,0,0,0,0,0,0,0,0,0,0,0,0
12,2,9640,7,5,2,2,200,12,16,0,0,0,0,0,0,0,0,0,0,0,0,0,0,0,0,0
12,2,19592,14,5,2,2,200,12,16,0,0,0,0,0,0,0,0,0,0,0,0,0,0,0,0,0
13,2,8771,6,2,2,2,200,12,16,0,0,0,0,0,0,0,0,0,0,0,0,0,0,0,0,0
13,2,6867,4,2,2,2,200,12,16,0,0,0,0,0,0,0,0,0,0,0,0,0,0,0,0,0
13,2,4723,1,2,2,2,200,12,16,0,0,0,0,0,0,0,0,0,0,0,0,0,0,0,0,0
14,2,6674,3,6,2,2,200,12,16,0,0,0,0,0,0,0,0,0,0,0,0,0,0,0,0,0
14,2,5410,2,6,2,2,200,12,16,0,0,0,0,0,0,0,0,0,0,0,0,0,0,0,0,0
13,2,21795,16,2,2,2,200,12,16,0,0,0,0,0,0,0,0,0,0,0,0,0,0,0,0,0
14,2,21618,15,6,2,2,200,12,16,0,0,0,0,0,0,0,0,0,0,0,0,0,0,0,0,0
14,2,9154,6,6,2,2,200,12,16,0,0,0,0,0,0,0,0,0,0,0,0,0,0,0,0,0
15,1,4148,0,4,2,2,200,12,16,0,0,0,0,0,0,0,0,0,0,0,0,0,0,0,0,0
14,2,28866,20,6,2,2,200,12,16,0,0,0,0,0,0,0,0,0,0,0,0,0,0,0,0,0
15,1,23828,18,4,2,2,200,12,16,0,0,0,0,0,0,0,0,0,0,0,0,0,0,0,0,0
15,1,19316,15,4,2,2,200,12,16,0,0,0,0,0,0,0,0,0,0,0,0,0,0,0,0,0
16,1,16213,11,7,2,2,200,12,16,0,0,0,0,0,0,0,0,0,0,0,0,0,0,0,0,0
16,1,11861,8,7,2,2,200,12,16,0,0,0,0,0,0,0,0,0,0,0,0,0,0,0,0,0
16,1,8485,6,7,2,2,200,12,16,0,0,0,0,0,0,0,0,0,0,0,0,0,0,0,0,0
16,1,869,21,6,2,2,200,12,16,0,0,0,0,0,0,0,0,0,0,0,0,0,0,0,0,0
16,1,27749,20,7,2,2,200,12,16,0,0,0,0,0,0,0,0,0,0,0,0,0,0,0,0,0
16,1,16741,12,7,2,2,200,12,16,0,0,0,0,0,0,0,0,0,0,0,0,0,0,0,0,0
17,1,11757,9,1,2,2,200,12,16,0,0,0,0,0,0,0,0,0,0,0,0,0,0,0,0,0
17,1,28445,20,1,2,2,200,12,16,0,0,0,0,0,0,0,0,0,0,0,0,0,0,0,0,0
17,1,26429,19,1,2,2,200,12,16,0,0,0,0,0,0,0,0,0,0,0,0,0,0,0,0,0
17,1,26381,19,1,2,2,200,12,16,0,0,0,0,0,0,0,0,0,0,0,0,0,0,0,0,0
18,1,23168,19,3,2,2,200,12,16,0,0,0,0,0,0,0,0,0,0,0,0,0,0,0,0,0
18,1,16576,14,3,2,2,200,12,16,0,0,0,0,0,0,0,0,0,0,0,0,0,0,0,0,0
19,1,10760,7,5,2,2,200,12,16,0,0,0,0,0,0,0,0,0,0,0,0,0,0,0,0,0
19,1,26584,18,5,2,2,200,12,16,0,0,0,0,0,0,0,0,0,0,0,0,0,0,0,0,0
19,1,25208,17,5,2,2,200,12,16,0,0,0,0,0,0,0,0,0,0,0,0,0,0,0,0,0
20,1,15182,12,2,2,2,200,12,16,0,0,0,0,0,0,0,0,0,0,0,0,0,0,0,0,0
20,1,14174,11,2,2,2,200,12,16,0,0,0,0,0,0,0,0,0,0,0,0,0,0,0,0,0
20,1,10974,9,2,2,2,200,12,16,0,0,0,0,0,0,0,0,0,0,0,0,0,0,0,0,0
21,1,89,21,5,2,2,200,12,16,0,0,0,0,0,0,0,0,0,0,0,0,0,0,0,0,0
20,1,25054,19,2,2,1,200,12,16,0,0,0,0,0,0,0,0,0,0,0,0,0,0,0,0,0
1,3,12884,10,4,2,2,200,12,16,0,0,0,0,0,0,0,0,0,0,0,0,0,0,0,0,0
1,3,24356,18,4,2,2,200,12,16,0,0,0,0,0,0,0,0,0,0,0,0,0,0,0,0,0
1,3,24324,18,4,2,2,200,12,16,0,0,0,0,0,0,0,0,0,0,0,0,0,0,0,0,0
1,3,21476,17,4,2,2,200,12,16,0,0,0,0,0,0,0,0,0,0,0,0,0,0,0,0,0
2,3,19425,15,7,2,2,200,12,16,0,0,0,0,0,0,0,0,0,0,0,0,0,0,0,0,0
3,3,5466,3,1,2,2,200,12,16,0,0,0,0,0,0,0,0,0,0,0,0,0,0,0,0,0
3,3,24426,19,1,2,2,200,12,16,0,0,0,0,0,0,0,0,0,0,0,0,0,0,0,0,0
3,3,23386,19,1,2,2,200,12,16,0,0,0,0,0,0,0,0,0,0,0,0,0,0,0,0,0
5,3,1655,22,4,2,2,200,12,16,0,0,0,0,0,0,0,0,0,0,0,0,0,0,0,0,0
5,3,20983,13,5,2,2,200,12,16,0,0,0,0,0,0,0,0,0,0,0,0,0,0,0,0,0
5,3,18839,12,5,2,2,200,12,16,0,0,0,0,0,0,0,0,0,0,0,0,0,0,0,0,0
5,3,9127,7,5,2,2,200,12,16,0,0,0,0,0,0,0,0,0,0,0,0,0,0,0,0,0
6,3,5204,2,2,2,2,200,12,16,0,0,0,0,0,0,0,0,0,0,0,0,0,0,0,0,0
5,3,24935,16,5,2,2,200,12,16,0,0,0,0,0,0,0,0,0,0,0,0,0,0,0,0,0
6,3,21540,16,2,2,2,200,12,16,0,0,0,0,0,0,0,0,0,0,0,0,0,0,0,0,0
7,3,23474,17,6,2,2,200,12,16,0,0,0,0,0,0,0,0,0,0,0,0,0,0,0,0,0
7,3,14418,10,6,2,1,200,12,16,1,2,1,1,1,1,1,0,2,1,0,1,0,1,1,1,0
7,3,14402,10,6,2,1,200,12,16,1,3,0,1,0,1,0,1,1,0,1,1,1,0,1,0,1
7,3,13282,10,6,2,2,200,12,16,0,0,0,0,0,0,0,0,0,0,0,0,0,0,0,0,0
7,3,13058,9,6,2,2,200,12,16,0,0,0,0,0,0,0,0,0,0,0,0,0,0,0,0,0
7,3,11202,8,6,2,2,200,12,16,0,0,0,0,0,0,0,0,0,0,0,0,0,0,0,0,0
8,2,4757,2,4,1,2,200,0,16,0,0,0,0,0,0,0,0,0,0,0,0,0,0,0,0,0
7,3,26338,19,6,2,2,200,12,16,0,0,0,0,0,0,0,0,0,0,0,0,0,0,0,0,0
8,2,24853,19,4,2,2,200,12,16,0,0,0,0,0,0,0,0,0,0,0,0,0,0,0,0,0
8,2,21573,17,4,2,2,200,12,16,0,0,0,0,0,0,0,0,0,0,0,0,0,0,0,0,0
9,2,17227,12,7,2,2,200,12,16,0,0,0,0,0,0,0,0,0,0,0,0,0,0,0,0,0
9,2,12123,8,7,2,2,200,12,16,0,0,0,0,0,0,0,0,0,0,0,0,0,0,0,0,0
9,2,21947,15,7,2,2,200,12,16,0,0,0,0,0,0,0,0,0,0,0,0,0,0,0,0,0
9,2,18827,13,7,2,2,200,12,16,0,0,0,0,0,0,0,0,0,0,0,0,0,0,0,0,0
10,2,20333,16,1,2,2,200,12,16,0,0,0,0,0,0,0,0,0,0,0,0,0,0,0,0,0
10,2,13997,12,1,2,2,200,12,16,0,0,0,0,0,0,0,0,0,0,0,0,0,0,0,0,0
10,2,6717,6,1,2,2,200,12,16,0,0,0,0,0,0,0,0,0,0,0,0,0,0,0,0,0
11,2,10074,9,3,2,2,200,12,16,0,0,0,0,0,0,0,0,0,0,0,0,0,0,0,0,0
11,2,9994,9,3,2,2,200,12,16,0,0,0,0,0,0,0,0,0,0,0,0,0,0,0,0,0
11,2,2618,23,2,2,2,200,12,16,0,0,0,0,0,0,0,0,0,0,0,0,0,0,0,0,0
11,2,11930,11,3,2,2,200,12,16,0,0,0,0,0,0,0,0,0,0,0,0,0,0,0,0,0
13,2,292,21,1,2,2,200,12,16,0,0,0,0,0,0,0,0,0,0,0,0,0,0,0,0,0
12,2,26937,19,5,2,2,200,12,16,0,0,0,0,0,0,0,0,0,0,0,0,0,0,0,0,0
12,2,25065,18,5,2,2,200,12,16,0,0,0,0,0,0,0,0,0,0,0,0,0,0,0,0,0
13,2,6580,4,2,2,2,200,12,16,0,0,0,0,0,0,0,0,0,0,0,0,0,0,0,0,0
14,2,9347,6,6,2,2,200,12,16,0,0,0,0,0,0,0,0,0,0,0,0,0,0,0,0,0
14,2,9155,6,6,2,2,200,12,16,0,0,0,0,0,0,0,0,0,0,0,0,0,0,0,0,0
15,1,7541,4,4,2,2,200,12,16,0,0,0,0,0,0,0,0,0,0,0,0,0,0,0,0,0
15,1,13621,10,4,2,2,200,12,16,0,0,0,0,0,0,0,0,0,0,0,0,0,0,0,0,0
16,1,5798,3,7,2,1,200,12,16,0,0,0,0,0,0,0,0,0,0,0,0,0,0,0,0,0
16,1,1238,21,6,2,2,200,12,16,0,0,0,0,0,0,0,0,0,0,0,0,0,0,0,0,0
17,1,4766,2,1,2,2,200,12,16,0,0,0,0,0,0,0,0,0,0,0,0,0,0,0,0,0
16,1,27798,20,7,2,2,200,12,16,0,0,0,0,0,0,0,0,0,0,0,0,0,0,0,0,0
16,1,26854,20,7,2,2,200,12,16,0,0,0,0,0,0,0,0,0,0,0,0,0,0,0,0,0
16,1,17942,13,7,2,2,200,12,16,0,0,0,0,0,0,0,0,0,0,0,0,0,0,0,0,0
17,1,20030,15,1,2,2,200,12,16,0,0,0,0,0,0,0,0,0,0,0,0,0,0,0,0,0
17,1,11726,9,1,2,2,200,12,16,0,0,0,0,0,0,0,0,0,0,0,0,0,0,0,0,0
17,1,26206,19,1,2,2,200,12,16,0,0,0,0,0,0,0,0,0,0,0,0,0,0,0,0,0
19,1,9657,6,5,2,2,200,12,16,0,0,0,0,0,0,0,0,0,0,0,0,0,0,0,0,0
20,1,16127,13,2,2,2,200,12,16,0,0,0,0,0,0,0,0,0,0,0,0,0,0,0,0,0
1,3,1717,22,3,2,2,200,12,16,0,0,0,0,0,0,0,0,0,0,0,0,0,0,0,0,0
1,3,24357,18,4,2,2,200,12,16,0,0,0,0,0,0,0,0,0,0,0,0,0,0,0,0,0
1,3,24325,18,4,2,2,200,12,16,0,0,0,0,0,0,0,0,0,0,0,0,0,0,0,0,0
1,3,23493,18,4,2,2,200,12,16,0,0,0,0,0,0,0,0,0,0,0,0,0,0,0,0,0
1,3,19397,16,4,2,2,200,12,16,0,0,0,0,0,0,0,0,0,0,0,0,0,0,0,0,0
3,3,1259,22,7,2,2,200,12,16,0,0,0,0,0,0,0,0,0,0,0,0,0,0,0,0,0
4,3,10385,8,3,2,2,200,12,16,0,0,0,0,0,0,0,0,0,0,0,0,0,0,0,0,0
4,3,6065,4,3,2,2,200,12,16,0,0,0,0,0,0,0,0,0,0,0,0,0,0,0,0,0
4,3,65,21,2,2,2,200,12,16,0,0,0,0,0,0,0,0,0,0,0,0,0,0,0,0,0
5,3,3544,1,5,2,2,200,12,16,0,0,0,0,0,0,0,0,0,0,0,0,0,0,0,0,0
4,3,18097,15,3,2,2,200,12,16,0,0,0,0,0,0,0,0,0,0,0,0,0,0,0,0,0
5,3,11384,8,5,2,2,200,12,16,0,0,0,0,0,0,0,0,0,0,0,0,0,0,0,0,0
5,3,28232,18,5,2,2,200,12,16,0,0,0,0,0,0,0,0,0,0,0,0,0,0,0,0,0
5,3,26472,17,5,2,1,200,12,16,0,0,0,0,0,0,0,0,0,0,0,0,0,0,0,0,0
6,3,18165,13,2,2,2,200,12,16,0,0,0,0,0,0,0,0,0,0,0,0,0,0,0,0,0
6,3,12661,9,2,2,2,200,12,16,0,0,0,0,0,0,0,0,0,0,0,0,0,0,0,0,0
7,3,3923,0,6,2,2,200,12,16,0,0,0,0,0,0,0,0,0,0,0,0,0,0,0,0,0
6,3,26821,19,2,2,2,200,12,16,0,0,0,0,0,0,0,0,0,0,0,0,0,0,0,0,0
8,2,3718,1,4,2,2,200,12,16,0,0,0,0,0,0,0,0,0,0,0,0,0,0,0,0,0
9,2,2060,22,6,2,1,200,12,16,0,0,0,0,0,0,0,0,0,0,0,0,0,0,0,0,0
8,2,21142,17,4,2,2,200,12,16,0,0,0,0,0,0,0,0,0,0,0,0,0,0,0,0,0
8,2,19526,16,4,2,2,200,12,16,0,0,0,0,0,0,0,0,0,0,0,0,0,0,0,0,0
9,2,12556,8,7,2,2,200,12,16,0,0,0,0,0,0,0,0,0,0,0,0,0,0,0,0,0
9,2,21980,15,7,2,2,200,12,16,0,0,0,0,0,0,0,0,0,0,0,0,0,0,0,0,0
9,2,18700,13,7,2,2,200,12,16,0,0,0,0,0,0,0,0,0,0,0,0,0,0,0,0,0
10,2,15982,13,1,2,2,200,12,16,0,0,0,0,0,0,0,0,0,0,0,0,0,0,0,0,0
10,2,24414,19,1,2,2,200,12,16,0,0,0,0,0,0,0,0,0,0,0,0,0,0,0,0,0
10,2,22078,17,1,2,1,200,12,16,0,0,0,0,0,0,0,0,0,0,0,0,0,0,0,0,0
11,2,22203,18,3,2,2,200,12,16,0,0,0,0,0,0,0,0,0,0,0,0,0,0,0,0,0
11,2,20491,17,3,2,2,200,12,16,0,0,0,0,0,0,0,0,0,0,0,0,0,0,0,0,0
11,2,20299,16,3,2,2,200,12,16,0,0,0,0,0,0,0,0,0,0,0,0,0,0,0,0,0
11,2,18779,16,3,2,2,200,12,16,0,0,0,0,0,0,0,0,0,0,0,0,0,0,0,0,0
11,2,18491,16,3,2,2,200,12,16,0,0,0,0,0,0,0,0,0,0,0,0,0,0,0,0,0
12,2,2810,23,4,2,2,200,12,16,0,0,0,0,0,0,0,0,0,0,0,0,0,0,0,0,0
12,2,21034,15,5,2,2,200,12,16,0,0,0,0,0,0,0,0,0,0,0,0,0,0,0,0,0
12,2,17114,12,5,2,2,200,12,16,0,0,0,0,0,0,0,0,0,0,0,0,0,0,0,0,0
13,2,8901,6,2,2,2,200,12,16,0,0,0,0,0,0,0,0,0,0,0,0,0,0,0,0,0
13,2,5109,2,2,2,2,200,12,16,0,0,0,0,0,0,0,0,0,0,0,0,0,0,0,0,0
14,2,7268,3,6,2,2,200,12,16,0,0,0,0,0,0,0,0,0,0,0,0,0,0,0,0,0
13,2,27989,20,2,2,2,200,12,16,0,0,0,0,0,0,0,0,0,0,0,0,0,0,0,0,0
13,2,27637,20,2,2,2,200,12,16,0,0,0,0,0,0,0,0,0,0,0,0,0,0,0,0,0
14,2,22260,16,6,2,2,200,12,16,0,0,0,0,0,0,0,0,0,0,0,0,0,0,0,0,0
14,2,16500,12,6,2,2,200,12,16,0,0,0,0,0,0,0,0,0,0,0,0,0,0,0,0,0
14,2,10756,7,6,2,2,200,12,16,0,0,0,0,0,0,0,0,0,0,0,0,0,0,0,0,0
14,2,8884,5,6,2,2,200,12,16,0,0,0,0,0,0,0,0,0,0,0,0,0,0,0,0,0
14,2,27844,20,6,2,2,200,12,16,0,0,0,0,0,0,0,0,0,0,0,0,0,0,0,0,0
15,1,16614,13,4,2,2,200,12,16,0,0,0,0,0,0,0,0,0,0,0,0,0,0,0,0,0
16,1,8823,6,7,2,2,200,12,16,0,0,0,0,0,0,0,0,0,0,0,0,0,0,0,0,0
16,1,3479,0,7,2,2,200,12,16,0,0,0,0,0,0,0,0,0,0,0,0,0,0,0,0,0
16,1,23847,17,7,2,2,200,12,16,0,0,0,0,0,0,0,0,0,0,0,0,0,0,0,0,0
17,1,26271,19,1,2,2,200,12,16,0,0,0,0,0,0,0,0,0,0,0,0,0,0,0,0,0
17,1,21599,16,1,2,2,200,12,16,0,0,0,0,0,0,0,0,0,0,0,0,0,0,0,0,0
19,1,3386,0,5,2,2,200,12,16,0,0,0,0,0,0,0,0,0,0,0,0,0,0,0,0,0
20,1,18992,15,2,2,2,200,12,16,0,0,0,0,0,0,0,0,0,0,0,0,0,0,0,0,0
21,1,21115,16,6,2,2,200,12,16,0,0,0,0,0,0,0,0,0,0,0,0,0,0,0,0,0
21,1,6891,5,6,2,2,200,12,16,0,0,0,0,0,0,0,0,0,0,0,0,0,0,0,0,0
21,1,27211,20,6,2,2,200,12,16,0,0,0,0,0,0,0,0,0,0,0,0,0,0,0,0,0
1,3,12374,10,4,2,2,200,12,16,0,0,0,0,0,0,0,0,0,0,0,0,0,0,0,0,0
1,3,6982,4,4,2,2,200,12,16,0,0,0,0,0,0,0,0,0,0,0,0,0,0,0,0,0
1,3,25990,20,4,2,2,200,12,16,0,0,0,0,0,0,0,0,0,0,0,0,0,0,0,0,0
1,3,24422,18,4,2,2,200,12,16,0,0,0,0,0,0,0,0,0,0,0,0,0,0,0,0,0
1,3,18454,15,4,2,2,200,12,16,0,0,0,0,0,0,0,0,0,0,0,0,0,0,0,0,0
2,3,10979,8,7,2,2,200,12,16,0,0,0,0,0,0,0,0,0,0,0,0,0,0,0,0,0
3,3,5276,3,1,2,2,200,12,16,0,0,0,0,0,0,0,0,0,0,0,0,0,0,0,0,0
3,3,23276,18,1,2,2,200,12,16,0,0,0,0,0,0,0,0,0,0,0,0,0,0,0,0,0
3,3,17980,14,1,2,2,200,12,16,0,0,0,0,0,0,0,0,0,0,0,0,0,0,0,0,0
4,3,13938,11,3,2,2,200,12,16,0,0,0,0,0,0,0,0,0,0,0,0,0,0,0,0,0
4,3,19314,16,3,2,2,200,12,16,0,0,0,0,0,0,0,0,0,0,0,0,0,0,0,0,0
5,3,17833,12,5,2,2,200,12,16,0,0,0,0,0,0,0,0,0,0,0,0,0,0,0,0,0
6,3,2070,23,1,2,2,200,12,16,0,0,0,0,0,0,0,0,0,0,0,0,0,0,0,0,0
6,3,1734,22,1,2,2,200,12,16,0,0,0,0,0,0,0,0,0,0,0,0,0,0,0,0,0
6,3,278,21,1,2,2,200,12,16,0,0,0,0,0,0,0,0,0,0,0,0,0,0,0,0,0
5,3,30025,19,5,2,2,200,12,16,0,0,0,0,0,0,0,0,0,0,0,0,0,0,0,0,0
5,3,28441,18,5,2,2,200,12,16,0,0,0,0,0,0,0,0,0,0,0,0,0,0,0,0,0
5,3,28361,18,5,2,2,200,12,16,0,0,0,0,0,0,0,0,0,0,0,0,0,0,0,0,0
5,3,27001,17,5,2,2,200,12,16,0,0,0,0,0,0,0,0,0,0,0,0,0,0,0,0,0
5,3,23705,15,5,2,2,200,12,16,0,0,0,0,0,0,0,0,0,0,0,0,0,0,0,0,0
6,3,18054,13,2,2,2,200,12,16,0,0,0,0,0,0,0,0,0,0,0,0,0,0,0,0,0
6,3,12086,9,2,2,2,200,12,16,0,0,0,0,0,0,0,0,0,0,0,0,0,0,0,0,0
6,3,11366,8,2,2,2,200,12,16,0,0,0,0,0,0,0,0,0,0,0,0,0,0,0,0,0
6,3,10742,8,2,2,2,200,12,16,0,0,0,0,0,0,0,0,0,0,0,0,0,0,0,0,0
7,3,6804,3,6,2,2,200,12,16,0,0,0,0,0,0,0,0,0,0,0,0,0,0,0,0,0
7,3,19028,14,6,2,2,200,12,16,0,0,0,0,0,0,0,0,0,0,0,0,0,0,0,0,0
7,3,10340,7,6,2,2,200,12,16,0,0,0,0,0,0,0,0,0,0,0,0,0,0,0,0,0
8,2,19527,16,4,2,2,200,12,16,0,0,0,0,0,0,0,0,0,0,0,0,0,0,0,0,0
9,2,12925,8,7,2,2,200,12,16,0,0,0,0,0,0,0,0,0,0,0,0,0,0,0,0,0
10,2,3855,2,1,2,2,200,12,16,0,0,0,0,0,0,0,0,0,0,0,0,0,0,0,0,0
9,2,28669,20,7,2,2,200,12,16,0,0,0,0,0,0,0,0,0,0,0,0,0,0,0,0,0
9,2,22045,15,7,2,2,200,12,16,0,0,0,0,0,0,0,0,0,0,0,0,0,0,0,0,0
9,2,22013,15,7,2,2,200,12,16,0,0,0,0,0,0,0,0,0,0,0,0,0,0,0,0,0
9,2,21437,14,7,2,2,200,12,16,0,0,0,0,0,0,0,0,0,0,0,0,0,0,0,0,0
10,2,6719,6,1,2,2,200,12,16,0,0,0,0,0,0,0,0,0,0,0,0,0,0,0,0,0
11,2,16876,15,3,2,2,200,12,16,0,0,0,0,0,0,0,0,0,0,0,0,0,0,0,0,0
11,2,13644,13,3,2,2,200,12,16,0,0,0,0,0,0,0,0,0,0,0,0,0,0,0,0,0
12,2,10267,8,5,2,2,200,12,16,0,0,0,0,0,0,0,0,0,0,0,0,0,0,0,0,0
13,2,15462,11,2,2,2,200,12,16,0,0,0,0,0,0,0,0,0,0,0,0,0,0,0,0,0
14,2,9253,6,6,2,2,200,12,16,0,0,0,0,0,0,0,0,0,0,0,0,0,0,0,0,0
15,1,7815,5,4,2,2,200,12,16,0,0,0,0,0,0,0,0,0,0,0,0,0,0,0,0,0
14,2,28821,20,6,2,2,200,12,16,0,0,0,0,0,0,0,0,0,0,0,0,0,0,0,0,0
15,1,14503,11,4,2,2,200,12,16,0,0,0,0,0,0,0,0,0,0,0,0,0,0,0,0,0
16,1,6648,4,7,2,2,200,12,16,0,0,0,0,0,0,0,0,0,0,0,0,0,0,0,0,0
16,1,1288,21,6,2,2,200,12,16,0,0,0,0,0,0,0,0,0,0,0,0,0,0,0,0,0
17,1,9072,7,1,2,2,200,12,16,0,0,0,0,0,0,0,0,0,0,0,0,0,0,0,0,0
17,1,26160,19,1,2,2,200,12,16,0,0,0,0,0,0,0,0,0,0,0,0,0,0,0,0,0
17,1,23664,17,1,2,2,200,12,16,0,0,0,0,0,0,0,0,0,0,0,0,0,0,0,0,0
18,1,12595,10,3,2,2,200,12,16,0,0,0,0,0,0,0,0,0,0,0,0,0,0,0,0,0
19,1,14987,10,5,2,2,200,12,16,0,0,0,0,0,0,0,0,0,0,0,0,0,0,0,0,0
20,1,7969,5,2,2,2,200,12,16,0,0,0,0,0,0,0,0,0,0,0,0,0,0,0,0,0
20,1,24753,19,2,2,2,200,12,16,0,0,0,0,0,0,0,0,0,0,0,0,0,0,0,0,0
20,1,17953,14,2,2,2,200,12,16,0,0,0,0,0,0,0,0,0,0,0,0,0,0,0,0,0
21,1,17804,13,6,2,2,200,12,16,0,0,0,0,0,0,0,0,0,0,0,0,0,0,0,0,0
21,1,9772,8,6,2,2,200,12,16,0,0,0,0,0,0,0,0,0,0,0,0,0,0,0,0,0
21,1,22636,17,6,2,2,200,12,16,0,0,0,0,0,0,0,0,0,0,0,0,0,0,0,0,0
1,3,7607,6,4,2,2,200,12,16,0,0,0,0,0,0,0,0,0,0,0,0,0,0,0,0,0
1,3,7511,5,4,2,2,200,12,16,0,0,0,0,0,0,0,0,0,0,0,0,0,0,0,0,0
1,3,6935,4,4,2,2,200,12,16,0,0,0,0,0,0,0,0,0,0,0,0,0,0,0,0,0
1,3,24327,18,4,2,2,200,12,16,0,0,0,0,0,0,0,0,0,0,0,0,0,0,0,0,0
1,3,24103,18,4,2,1,200,12,16,0,0,0,0,0,0,0,0,0,0,0,0,0,0,0,0,0
2,3,10868,7,7,2,2,200,12,16,0,0,0,0,0,0,0,0,0,0,0,0,0,0,0,0,0
2,3,10420,7,7,2,2,200,12,16,0,0,0,0,0,0,0,0,0,0,0,0,0,0,0,0,0
2,3,7636,5,7,2,2,200,12,16,0,0,0,0,0,0,0,0,0,0,0,0,0,0,0,0,0
2,3,7076,4,7,2,2,200,12,16,0,0,0,0,0,0,0,0,0,0,0,0,0,0,0,0,0
2,3,24836,18,7,2,2,200,12,16,0,0,0,0,0,0,0,0,0,0,0,0,0,0,0,0,0
4,3,5891,4,3,2,2,200,12,16,0,0,0,0,0,0,0,0,0,0,0,0,0,0,0,0,0
5,3,20842,13,5,2,2,200,12,16,0,0,0,0,0,0,0,0,0,0,0,0,0,0,0,0,0
5,3,28314,18,5,2,2,200,12,16,0,0,0,0,0,0,0,0,0,0,0,0,0,0,0,0,0
5,3,23642,15,5,2,2,200,12,16,0,0,0,0,0,0,0,0,0,0,0,0,0,0,0,0,0
7,3,4197,1,6,2,2,200,12,16,0,0,0,0,0,0,0,0,0,0,0,0,0,0,0,0,0
7,3,13749,10,6,2,2,200,12,16,0,0,0,0,0,0,0,0,0,0,0,0,0,0,0,0,0
8,2,12440,10,4,2,2,200,12,16,0,0,0,0,0,0,0,0,0,0,0,0,0,0,0,0,0
8,2,6984,5,4,2,2,200,12,16,0,0,0,0,0,0,0,0,0,0,0,0,0,0,0,0,0
8,2,4008,1,4,2,2,200,12,16,0,0,0,0,0,0,0,0,0,0,0,0,0,0,0,0,0
8,2,1672,22,3,2,2,200,12,16,0,0,0,0,0,0,0,0,0,0,0,0,0,0,0,0,0
7,3,27189,19,6,2,2,200,12,16,0,0,0,0,0,0,0,0,0,0,0,0,0,0,0,0,0
8,2,21656,17,4,2,2,200,12,16,0,0,0,0,0,0,0,0,0,0,0,0,0,0,0,0,0
9,2,11758,7,7,2,2,200,12,16,0,0,0,0,0,0,0,0,0,0,0,0,0,0,0,0,0
9,2,5726,2,7,2,2,200,12,16,0,0,0,0,0,0,0,0,0,0,0,0,0,0,0,0,0
10,2,2704,0,1,2,2,200,12,16,0,0,0,0,0,0,0,0,0,0,0,0,0,0,0,0,0
9,2,19006,13,7,2,2,200,12,16,0,0,0,0,0,0,0,0,0,0,0,0,0,0,0,0,0
10,2,6816,6,1,2,2,200,12,16,0,0,0,0,0,0,0,0,0,0,0,0,0,0,0,0,0
10,2,24384,19,1,2,2,200,12,16,0,0,0,0,0,0,0,0,0,0,0,0,0,0,0,0,0
11,2,20269,16,3,2,2,200,12,16,0,0,0,0,0,0,0,0,0,0,0,0,0,0,0,0,0
12,2,14700,11,5,2,2,200,12,16,0,0,0,0,0,0,0,0,0,0,0,0,0,0,0,0,0
12,2,1500,22,4,2,2,200,12,16,0,0,0,0,0,0,0,0,0,0,0,0,0,0,0,0,0
13,2,19527,14,2,2,2,200,12,16,0,0,0,0,0,0,0,0,0,0,0,0,0,0,0,0,0
13,2,9943,7,2,2,2,200,12,16,0,0,0,0,0,0,0,0,0,0,0,0,0,0,0,0,0
13,2,23015,17,2,2,2,200,12,16,0,0,0,0,0,0,0,0,0,0,0,0,0,0,0,0,0
14,2,23654,17,6,2,2,200,12,16,0,0,0,0,0,0,0,0,0,0,0,0,0,0,0,0,0
15,1,8840,6,4,2,2,200,12,16,0,0,0,0,0,0,0,0,0,0,0,0,0,0,0,0,0
15,1,8792,6,4,2,2,200,12,16,0,0,0,0,0,0,0,0,0,0,0,0,0,0,0,0,0
15,1,7096,4,4,2,2,200,12,16,0,0,0,0,0,0,0,0,0,0,0,0,0,0,0,0,0
16,1,8665,6,7,2,2,200,12,16,0,0,0,0,0,0,0,0,0,0,0,0,0,0,0,0,0
16,1,2905,23,6,2,2,200,12,16,0,0,0,0,0,0,0,0,0,0,0,0,0,0,0,0,0
16,1,23913,17,7,2,2,200,12,16,0,0,0,0,0,0,0,0,0,0,0,0,0,0,0,0,0
16,1,17529,12,7,2,2,200,12,16,0,0,0,0,0,0,0,0,0,0,0,0,0,0,0,0,0
16,1,17369,12,7,2,2,200,12,16,0,0,0,0,0,0,0,0,0,0,0,0,0,0,0,0,0
18,1,3812,2,3,2,2,200,12,16,0,0,0,0,0,0,0,0,0,0,0,0,0,0,0,0,0
18,1,2452,23,2,2,2,200,12,16,0,0,0,0,0,0,0,0,0,0,0,0,0,0,0,0,0
17,1,25617,18,1,2,2,200,12,16,0,0,0,0,0,0,0,0,0,0,0,0,0,0,0,0,0
18,1,19732,16,3,2,2,200,12,16,0,0,0,0,0,0,0,0,0,0,0,0,0,0,0,0,0
18,1,18292,15,3,2,2,200,12,16,0,0,0,0,0,0,0,0,0,0,0,0,0,0,0,0,0
18,1,16724,14,3,2,2,200,12,16,0,0,0,0,0,0,0,0,0,0,0,0,0,0,0,0,0
20,1,12258,10,2,2,2,200,12,16,0,0,0,0,0,0,0,0,0,0,0,0,0,0,0,0,0
20,1,10978,9,2,2,2,200,12,16,0,0,0,0,0,0,0,0,0,0,0,0,0,0,0,0,0
21,1,4525,2,6,2,2,200,12,16,0,0,0,0,0,0,0,0,0,0,0,0,0,0,0,0,0
20,1,21698,17,2,2,2,200,12,16,0,0,0,0,0,0,0,0,0,0,0,0,0,0,0,0,0
21,1,16429,12,6,2,2,200,12,16,0,0,0,0,0,0,0,0,0,0,0,0,0,0,0,0,0
