1,3,15985,13,4,2,1,200,13,17,0,0,0,0,0,0,0,0,0,0,0,0
1,3,10321,8,4,2,1,200,13,17,0,0,0,0,0,0,0,0,0,0,0,0
1,3,9441,7,4,2,2,200,13,17,0,0,0,0,0,0,0,0,0,0,0,0
1,3,24337,18,4,2,2,200,13,17,0,0,0,0,0,0,0,0,0,0,0,0
3,3,24407,19,1,2,2,200,13,17,0,0,0,0,0,0,0,0,0,0,0,0
3,3,19207,15,1,2,2,200,13,17,0,0,0,0,0,0,0,0,0,0,0,0
3,3,13799,12,1,2,2,200,13,17,0,0,0,0,0,0,0,0,0,0,0,0
3,3,13367,11,1,2,2,200,13,17,0,0,0,0,0,0,0,0,0,0,0,0
4,3,8525,7,3,2,2,200,13,17,0,0,0,0,0,0,0,0,0,0,0,0
4,3,5069,3,3,2,2,200,13,17,0,0,0,0,0,0,0,0,0,0,0,0
5,3,19588,13,5,2,2,200,13,17,0,0,0,0,0,0,0,0,0,0,0,0
5,3,19124,12,5,2,2,200,13,17,0,0,0,0,0,0,0,0,0,0,0,0
5,3,9700,7,5,2,2,200,13,17,0,0,0,0,0,0,0,0,0,0,0,0
5,3,23700,15,5,2,2,200,13,17,0,0,0,0,0,0,0,0,0,0,0,0
6,3,17473,13,2,2,2,200,13,17,0,0,0,0,0,0,0,0,0,0,0,0
6,3,7809,5,2,2,1,200,13,17,0,0,0,0,0,0,0,0,0,0,0,0
6,3,6017,3,2,2,2,200,13,17,0,0,0,0,0,0,0,0,0,0,0,0
7,3,431,21,5,2,2,200,13,17,0,0,0,0,0,0,0,0,0,0,0,0
6,3,24145,17,2,2,2,200,13,17,0,0,0,0,0,0,0,0,0,0,0,0
7,3,16671,12,6,2,2,200,13,17,0,0,0,0,0,0,0,0,0,0,0,0
7,3,14767,11,6,2,1,200,13,17,0,0,0,0,0,0,0,0,0,0,0,0
8,2,3170,0,4,2,2,200,13,17,0,0,0,0,0,0,0,0,0,0,0,0
9,2,1272,21,6,2,2,200,13,17,0,0,0,0,0,0,0,0,0,0,0,0
8,2,16754,14,4,2,2,200,13,17,0,0,0,0,0,0,0,0,0,0,0,0
8,2,13410,11,4,2,2,200,13,17,1,1,1,1,1,1,1,1,1,1,1,1
9,2,17224,12,7,2,2,200,13,17,0,0,0,0,0,0,0,0,0,0,0,0
9,2,16680,11,7,2,2,200,13,17,0,0,0,0,0,0,0,0,0,0,0,0
9,2,24568,17,7,2,2,200,13,17,0,0,0,0,0,0,0,0,0,0,0,0
10,2,19882,15,1,2,2,200,13,17,0,0,0,0,0,0,0,0,0,0,0,0
10,2,11194,10,1,2,2,200,13,17,0,0,0,0,0,0,0,0,0,0,0,0
11,2,7735,6,3,2,2,200,13,17,0,0,0,0,0,0,0,0,0,0,0,0
11,2,17255,15,3,2,2,200,13,17,0,0,0,0,0,0,0,0,0,0,0,0
12,2,9174,7,5,2,2,200,13,17,0,0,0,0,0,0,0,0,0,0,0,0
12,2,2998,0,5,2,2,200,13,17,0,0,0,0,0,0,0,0,0,0,0,0
12,2,20710,14,5,2,2,200,13,17,0,0,0,0,0,0,0,0,0,0,0,0
13,2,9073,6,2,2,2,200,13,17,0,0,0,0,0,0,0,0,0,0,0,0
15,1,9346,6,4,2,2,200,13,17,0,0,0,0,0,0,0,0,0,0,0,0
15,1,14530,11,4,2,2,200,13,17,0,0,0,0,0,0,0,0,0,0,0,0
15,1,13314,10,4,2,1,200,13,17,0,0,0,0,0,0,0,0,0,0,0,0
15,1,11714,8,4,2,2,200,13,17,0,0,0,0,0,0,0,0,0,0,0,0
16,1,12323,8,7,2,2,200,13,17,0,0,0,0,0,0,0,0,0,0,0,0
16,1,3843,0,7,2,2,200,13,17,0,0,0,0,0,0,0,0,0,0,0,0
16,1,1731,22,6,2,2,200,13,17,0,0,0,0,0,0,0,0,0,0,0,0
16,1,25395,19,7,2,2,200,13,17,0,0,0,0,0,0,0,0,0,0,0,0
18,1,21630,18,3,2,2,200,13,17,0,0,0,0,0,0,0,0,0,0,0,0
19,1,2678,23,4,2,2,200,13,17,0,0,0,0,0,0,0,0,0,0,0,0
19,1,30054,20,5,2,2,200,13,17,0,0,0,0,0,0,0,0,0,0,0,0
19,1,23830,16,5,2,2,200,13,17,0,0,0,0,0,0,0,0,0,0,0,0
20,1,3356,0,2,2,2,200,13,17,0,0,0,0,0,0,0,0,0,0,0,0
20,1,3308,0,2,2,2,200,13,17,0,0,0,0,0,0,0,0,0,0,0,0
20,1,20636,16,2,2,2,200,13,17,0,0,0,0,0,0,0,0,0,0,0,0
21,1,11303,9,6,2,2,200,13,17,0,0,0,0,0,0,0,0,0,0,0,0
21,1,26215,20,6,2,2,200,13,17,0,0,0,0,0,0,0,0,0,0,0,0
1,3,7266,5,4,2,2,200,13,17,0,0,0,0,0,0,0,0,0,0,0,0
2,3,3199,0,7,2,2,200,13,17,0,0,0,0,0,0,0,0,0,0,0,0
1,3,24338,18,4,2,2,200,13,17,0,0,0,0,0,0,0,0,0,0,0,0
2,3,15119,11,7,2,2,200,13,17,0,0,0,0,0,0,0,0,0,0,0,0
2,3,9519,6,7,2,2,200,13,17,0,0,0,0,0,0,0,0,0,0,0,0
2,3,6159,3,7,2,2,200,13,17,0,0,0,0,0,0,0,0,0,0,0,0
3,3,3256,0,1,2,2,200,13,17,0,0,0,0,0,0,0,0,0,0,0,0
2,3,27567,20,7,2,2,200,13,17,0,0,0,0,0,0,0,0,0,0,0,0
4,3,1006,22,2,2,2,200,13,17,0,0,0,0,0,0,0,0,0,0,0,0
3,3,24872,20,1,2,2,200,13,17,0,0,0,0,0,0,0,0,0,0,0,0
4,3,20366,17,3,2,2,200,13,17,0,0,0,0,0,0,0,0,0,0,0,0
5,3,13989,9,5,2,2,200,13,17,0,0,0,0,0,0,0,0,0,0,0,0
5,3,23509,15,5,2,2,200,13,17,0,0,0,0,0,0,0,0,0,0,0,0
5,3,21701,14,5,2,1,200,13,17,0,0,0,0,0,0,0,0,0,0,0,0
6,3,19938,14,2,2,2,200,13,17,0,0,0,0,0,0,0,0,0,0,0,0
6,3,6882,4,2,2,2,200,13,17,0,0,0,0,0,0,0,0,0,0,0,0
8,2,2371,23,3,2,2,200,13,17,0,0,0,0,0,0,0,0,0,0,0,0
9,2,345,21,6,2,2,200,13,17,0,0,0,0,0,0,0,0,0,0,0,0
9,2,14953,10,7,2,1,200,13,17,0,0,0,0,0,0,0,0,0,0,0,0
9,2,14297,9,7,2,2,200,13,17,0,0,0,0,0,0,0,0,0,0,0,0
9,2,22313,15,7,2,2,200,13,17,0,0,0,0,0,0,0,0,0,0,0,0
10,2,19451,15,1,2,2,200,13,17,0,0,0,0,0,0,0,0,0,0,0,0
10,2,8299,7,1,2,2,200,13,17,0,0,0,0,0,0,0,0,0,0,0,0
11,2,8888,8,3,2,2,200,13,17,0,0,0,0,0,0,0,0,0,0,0,0
10,2,21371,17,1,2,2,200,13,17,0,0,0,0,0,0,0,0,0,0,0,0
11,2,24104,19,3,2,2,200,13,17,0,0,0,0,0,0,0,0,0,0,0,0
12,2,13671,10,5,2,2,200,13,17,0,0,0,0,0,0,0,0,0,0,0,0
12,2,8967,7,5,2,2,200,13,17,0,0,0,0,0,0,0,0,0,0,0,0
12,2,6071,4,5,2,2,200,13,17,0,0,0,0,0,0,0,0,0,0,0,0
12,2,1527,22,4,2,2,200,13,17,0,0,0,0,0,0,0,0,0,0,0,0
12,2,28215,20,5,2,2,200,13,17,0,0,0,0,0,0,0,0,0,0,0,0
13,2,13554,10,2,2,1,200,13,17,0,0,0,0,0,0,0,0,0,0,0,0
14,2,23505,16,6,2,2,200,13,17,0,0,0,0,0,0,0,0,0,0,0,0
14,2,9921,6,6,2,2,200,13,17,0,0,0,0,0,0,0,0,0,0,0,0
14,2,9633,6,6,2,2,200,13,17,0,0,0,0,0,0,0,0,0,0,0,0
15,1,9603,7,4,2,2,200,13,17,0,0,0,0,0,0,0,0,0,0,0,0
15,1,20147,15,4,2,2,200,13,17,0,0,0,0,0,0,0,0,0,0,0,0
16,1,16660,12,7,2,2,200,13,17,0,0,0,0,0,0,0,0,0,0,0,0
16,1,10340,7,7,2,2,200,13,17,0,0,0,0,0,0,0,0,0,0,0,0
17,1,27100,19,1,2,2,200,13,17,0,0,0,0,0,0,0,0,0,0,0,0
17,1,22972,17,1,2,2,200,13,17,0,0,0,0,0,0,0,0,0,0,0,0
18,1,23887,19,3,2,2,200,13,17,0,0,0,0,0,0,0,0,0,0,0,0
18,1,14879,12,3,2,2,200,13,17,0,0,0,0,0,0,0,0,0,0,0,0
18,1,14703,12,3,2,2,200,13,17,0,0,0,0,0,0,0,0,0,0,0,0
19,1,5879,3,5,2,2,200,13,17,0,0,0,0,0,0,0,0,0,0,0,0
20,1,1069,21,1,2,2,200,13,17,0,0,0,0,0,0,0,0,0,0,0,0
20,1,23197,18,2,2,2,200,13,17,0,0,0,0,0,0,0,0,0,0,0,0
20,1,20173,16,2,2,2,200,13,17,0,0,0,0,0,0,0,0,0,0,0,0
21,1,18232,14,6,2,1,200,13,17,0,0,0,0,0,0,0,0,0,0,0,0
21,1,10456,8,6,2,2,200,13,17,0,0,0,0,0,0,0,0,0,0,0,0
21,1,8296,7,6,2,2,200,13,17,0,0,0,0,0,0,0,0,0,0,0,0
21,1,7848,6,6,2,2,200,13,17,0,0,0,0,0,0,0,0,0,0,0,0
21,1,5496,3,6,2,1,200,13,17,0,0,0,0,0,0,0,0,0,0,0,0
2,3,3360,0,7,2,2,200,13,17,0,0,0,0,0,0,0,0,0,0,0,0
2,3,256,21,6,2,2,200,13,17,0,0,0,0,0,0,0,0,0,0,0,0
1,3,23395,18,4,2,2,200,13,17,0,0,0,0,0,0,0,0,0,0,0,0
2,3,15584,12,7,2,2,200,13,17,0,0,0,0,0,0,0,0,0,0,0,0
6,3,2531,23,1,2,2,200,13,17,0,0,0,0,0,0,0,0,0,0,0,0
6,3,1875,22,1,2,2,200,13,17,0,0,0,0,0,0,0,0,0,0,0,0
6,3,14323,10,2,2,2,200,13,17,0,0,0,0,0,0,0,0,0,0,0,0
7,3,5073,2,6,2,2,200,13,17,0,0,0,0,0,0,0,0,0,0,0,0
7,3,25185,18,6,2,2,200,13,17,0,0,0,0,0,0,0,0,0,0,0,0
7,3,20977,15,6,2,2,200,13,17,0,0,0,0,0,0,0,0,0,0,0,0
7,3,14401,10,6,2,2,200,13,17,0,0,0,0,0,0,0,0,0,0,0,0
8,2,8132,7,4,2,2,200,13,17,0,0,0,0,0,0,0,0,0,0,0,0
9,2,11290,7,7,2,2,200,13,17,0,0,0,0,0,0,0,0,0,0,0,0
9,2,26538,18,7,2,2,200,13,17,0,0,0,0,0,0,0,0,0,0,0,0
10,2,13068,11,1,2,2,200,13,17,0,0,0,0,0,0,0,0,0,0,0,0
11,2,18809,16,3,2,2,200,13,17,0,0,0,0,0,0,0,0,0,0,0,0
12,2,6360,4,5,2,2,200,13,17,0,0,0,0,0,0,0,0,0,0,0,0
12,2,19768,14,5,2,2,200,13,17,0,0,0,0,0,0,0,0,0,0,0,0
14,2,4370,1,6,2,1,200,13,17,0,0,0,0,0,0,0,0,0,0,0,0
14,2,914,21,5,2,2,200,13,17,0,0,0,0,0,0,0,0,0,0,0,0
13,2,25779,19,2,2,2,200,13,17,0,0,0,0,0,0,0,0,0,0,0,0
14,2,22226,16,6,2,2,200,13,17,0,0,0,0,0,0,0,0,0,0,0,0
14,2,15938,11,6,2,2,200,13,17,0,0,0,0,0,0,0,0,0,0,0,0
15,1,6052,2,4,2,2,200,13,17,0,0,0,0,0,0,0,0,0,0,0,0
15,1,20036,15,4,2,2,200,13,17,0,0,0,0,0,0,0,0,0,0,0,0
16,1,14901,10,7,2,2,200,13,17,0,0,0,0,0,0,0,0,0,0,0,0
16,1,10117,7,7,2,2,200,13,17,0,0,0,0,0,0,0,0,0,0,0,0
17,1,2541,23,7,2,2,200,13,17,0,0,0,0,0,0,0,0,0,0,0,0
17,1,2189,23,7,2,2,200,13,17,0,0,0,0,0,0,0,0,0,0,0,0
18,1,1888,23,2,2,2,200,13,17,0,0,0,0,0,0,0,0,0,0,0,0
18,1,1808,23,2,2,2,200,13,17,0,0,0,0,0,0,0,0,0,0,0,0
18,1,976,21,2,2,2,200,13,17,0,0,0,0,0,0,0,0,0,0,0,0
17,1,25005,18,1,2,2,200,13,17,0,0,0,0,0,0,0,0,0,0,0,0
17,1,24413,17,1,2,2,200,13,17,0,0,0,0,0,0,0,0,0,0,0,0
18,1,21952,18,3,2,2,200,13,17,0,0,0,0,0,0,0,0,0,0,0,0
18,1,16496,14,3,2,2,200,13,17,0,0,0,0,0,0,0,0,0,0,0,0
18,1,10336,9,3,2,2,200,13,17,0,0,0,0,0,0,0,0,0,0,0,0
19,1,5768,3,5,2,2,200,13,17,0,0,0,0,0,0,0,0,0,0,0,0
19,1,29352,20,5,2,2,200,13,17,0,0,0,0,0,0,0,0,0,0,0,0
19,1,22776,15,5,2,2,200,13,17,0,0,0,0,0,0,0,0,0,0,0,0
19,1,20696,14,5,2,2,200,13,17,0,0,0,0,0,0,0,0,0,0,0,0
20,1,9326,7,2,2,2,200,13,17,0,0,0,0,0,0,0,0,0,0,0,0
20,1,4622,2,2,2,2,200,13,17,0,0,0,0,0,0,0,0,0,0,0,0
20,1,654,21,1,2,2,200,13,17,0,0,0,0,0,0,0,0,0,0,0,0
20,1,20238,16,2,2,2,200,13,17,0,0,0,0,0,0,0,0,0,0,0,0
21,1,12169,10,6,2,2,200,13,17,0,0,0,0,0,0,0,0,0,0,0,0
21,1,9273,7,6,2,2,200,13,17,0,0,0,0,0,0,0,0,0,0,0,0
21,1,8537,7,6,2,2,200,13,17,0,0,0,0,0,0,0,0,0,0,0,0
1,3,6900,4,4,2,1,200,13,17,0,0,0,0,0,0,0,0,0,0,0,0
1,3,25300,19,4,2,2,200,13,17,0,0,0,0,0,0,0,0,0,0,0,0
2,3,11697,8,7,2,1,200,13,17,0,0,0,0,0,0,0,0,0,0,0,0
2,3,9457,6,7,2,2,200,13,17,0,0,0,0,0,0,0,0,0,0,0,0
3,3,7130,6,1,2,2,200,13,17,0,0,0,0,0,0,0,0,0,0,0,0
3,3,23802,19,1,2,2,200,13,17,0,0,0,0,0,0,0,0,0,0,0,0
3,3,15322,12,1,2,2,200,13,17,0,0,0,0,0,0,0,0,0,0,0,0
3,3,13690,11,1,2,2,200,13,17,0,0,0,0,0,0,0,0,0,0,0,0
3,3,9162,8,1,2,2,200,13,17,0,0,0,0,0,0,0,0,0,0,0,0
4,3,12912,11,3,2,2,200,13,17,0,0,0,0,0,0,0,0,0,0,0,0
5,3,4711,2,5,2,2,200,13,17,0,0,0,0,0,0,0,0,0,0,0,0
5,3,1383,22,4,2,2,200,13,17,0,0,0,0,0,0,0,0,0,0,0,0
4,3,20560,17,3,2,2,200,13,17,0,0,0,0,0,0,0,0,0,0,0,0
5,3,14887,10,5,2,2,200,13,17,0,0,0,0,0,0,0,0,0,0,0,0
5,3,10391,7,5,2,2,200,13,17,0,0,0,0,0,0,0,0,0,0,0,0
6,3,5268,2,2,2,2,200,13,17,0,0,0,0,0,0,0,0,0,0,0,0
6,3,1844,22,1,2,2,200,13,17,0,0,0,0,0,0,0,0,0,0,0,0
5,3,25751,16,5,2,1,200,13,17,0,0,0,0,0,0,0,0,0,0,0,0
5,3,23415,15,5,2,2,200,13,17,0,0,0,0,0,0,0,0,0,0,0,0
5,3,23319,15,5,2,2,200,13,17,0,0,0,0,0,0,0,0,0,0,0,0
6,3,20020,14,2,2,2,200,13,17,0,0,0,0,0,0,0,0,0,0,0,0
6,3,16276,12,2,2,2,200,13,17,0,0,0,0,0,0,0,0,0,0,0,0
6,3,12436,9,2,2,2,200,13,17,0,0,0,0,0,0,0,0,0,0,0,0
6,3,26164,19,2,2,2,200,13,17,0,0,0,0,0,0,0,0,0,0,0,0
7,3,24018,17,6,2,2,200,13,17,0,0,0,0,0,0,0,0,0,0,0,0
7,3,23426,17,6,2,2,200,13,17,0,0,0,0,0,0,0,0,0,0,0,0
7,3,17922,13,6,2,1,200,13,17,0,0,0,0,0,0,0,0,0,0,0,0
7,3,14002,10,6,2,2,200,13,17,0,0,0,0,0,0,0,0,0,0,0,0
9,2,26827,18,7,2,2,200,13,17,0,0,0,0,0,0,0,0,0,0,0,0
10,2,6029,5,1,2,2,200,13,17,0,0,0,0,0,0,0,0,0,0,0,0
11,2,21434,17,3,2,2,200,13,17,0,0,0,0,0,0,0,0,0,0,0,0
11,2,17578,15,3,2,2,200,13,17,0,0,0,0,0,0,0,0,0,0,0,0
12,2,3545,0,5,2,2,200,13,17,0,0,0,0,0,0,0,0,0,0,0,0
12,2,23801,17,5,2,1,200,13,17,0,0,0,0,0,0,0,0,0,0,0,0
13,2,18948,14,2,2,2,200,13,17,0,0,0,0,0,0,0,0,0,0,0,0
13,2,10228,7,2,2,2,200,13,17,0,0,0,0,0,0,0,0,0,0,0,0
13,2,7252,5,2,2,2,200,13,17,0,0,0,0,0,0,0,0,0,0,0,0
13,2,6980,4,2,2,2,200,13,17,0,0,0,0,0,0,0,0,0,0,0,0
14,2,4883,2,6,2,2,200,13,17,0,0,0,0,0,0,0,0,0,0,0,0
15,1,7941,5,4,2,2,200,13,17,0,0,0,0,0,0,0,0,0,0,0,0
15,1,20549,16,4,2,2,200,13,17,0,0,0,0,0,0,0,0,0,0,0,0
16,1,10070,7,7,2,2,200,13,17,0,0,0,0,0,0,0,0,0,0,0,0
17,1,1374,22,7,2,2,200,13,17,0,0,0,0,0,0,0,0,0,0,0,0
17,1,6510,4,1,2,2,200,13,17,0,0,0,0,0,0,0,0,0,0,0,0
18,1,3281,1,3,2,2,200,13,17,0,0,0,0,0,0,0,0,0,0,0,0
18,1,2241,23,2,2,2,200,13,17,0,0,0,0,0,0,0,0,0,0,0,0
17,1,27406,20,1,2,2,200,13,17,0,0,0,0,0,0,0,0,0,0,0,0
19,1,6777,4,5,2,2,200,13,17,0,0,0,0,0,0,0,0,0,0,0,0
19,1,5577,3,5,2,2,200,13,17,0,0,0,0,0,0,0,0,0,0,0,0
19,1,2857,23,4,2,2,200,13,17,0,0,0,0,0,0,0,0,0,0,0,0
19,1,16713,11,5,2,2,200,13,17,0,0,0,0,0,0,0,0,0,0,0,0
20,1,1647,22,1,2,1,200,13,17,0,0,0,0,0,0,0,0,0,0,0,0
20,1,671,21,1,2,2,200,13,17,0,0,0,0,0,0,0,0,0,0,0,0
20,1,21519,17,2,2,2,200,13,17,0,0,0,0,0,0,0,0,0,0,0,0
20,1,18799,15,2,2,1,200,13,17,0,0,0,0,0,0,0,0,0,0,0,0
21,1,7098,5,6,2,2,200,13,17,0,0,0,0,0,0,0,0,0,0,0,0
21,1,26426,20,6,2,2,200,13,17,0,0,0,0,0,0,0,0,0,0,0,0
1,3,4165,1,4,2,2,200,13,17,0,0,0,0,0,0,0,0,0,0,0,0
2,3,4770,2,7,2,2,200,13,17,0,0,0,0,0,0,0,0,0,0,0,0
1,3,16981,14,4,2,2,200,13,17,0,0,0,0,0,0,0,0,0,0,0,0
2,3,19986,15,7,2,2,200,13,17,0,0,0,0,0,0,0,0,0,0,0,0
2,3,17202,13,7,2,2,200,13,17,0,0,0,0,0,0,0,0,0,0,0,0
2,3,16322,12,7,2,2,200,13,17,0,0,0,0,0,0,0,0,0,0,0,0
3,3,8235,7,1,2,2,200,13,17,0,0,0,0,0,0,0,0,0,0,0,0
3,3,20619,16,1,2,2,200,13,17,0,0,0,0,0,0,0,0,0,0,0,0
4,3,7921,7,3,2,2,200,13,17,0,0,0,0,0,0,0,0,0,0,0,0
4,3,5617,4,3,2,2,200,13,17,0,0,0,0,0,0,0,0,0,0,0,0
4,3,3153,0,3,2,2,200,13,17,0,0,0,0,0,0,0,0,0,0,0,0
3,3,25435,20,1,2,2,200,13,17,0,0,0,0,0,0,0,0,0,0,0,0
4,3,17553,14,3,2,2,200,13,17,0,0,0,0,0,0,0,0,0,0,0,0
5,3,12376,8,5,2,2,200,13,17,0,0,0,0,0,0,0,0,0,0,0,0
6,3,4485,1,2,2,2,200,13,17,0,0,0,0,0,0,0,0,0,0,0,0
6,3,3093,23,1,2,2,200,13,17,0,0,0,0,0,0,0,0,0,0,0,0
6,3,1461,22,1,2,2,200,13,17,0,0,0,0,0,0,0,0,0,0,0,0
5,3,24184,15,5,2,2,200,13,17,0,0,0,0,0,0,0,0,0,0,0,0
6,3,19541,14,2,2,2,200,13,17,0,0,0,0,0,0,0,0,0,0,0,0
6,3,16437,12,2,2,2,200,13,17,0,0,0,0,0,0,0,0,0,0,0,0
6,3,9077,6,2,2,2,200,13,17,0,0,0,0,0,0,0,0,0,0,0,0
7,3,7459,4,6,2,1,200,13,17,0,0,0,0,0,0,0,0,0,0,0,0
7,3,24163,17,6,2,1,200,13,17,0,0,0,0,0,0,0,0,0,0,0,0
8,2,7766,6,4,2,2,200,13,17,0,0,0,0,0,0,0,0,0,0,0,0
9,2,124,21,6,2,2,200,13,17,0,0,0,0,0,0,0,0,0,0,0,0
8,2,23702,19,4,2,2,200,13,17,0,0,0,0,0,0,0,0,0,0,0,0
8,2,18902,16,4,2,2,200,13,17,0,0,0,0,0,0,0,0,0,0,0,0
9,2,12268,8,7,2,2,200,13,17,0,0,0,0,0,0,0,0,0,0,0,0
9,2,10700,7,7,2,1,200,13,17,0,0,0,0,0,0,0,0,0,0,0,0
9,2,10588,6,7,2,2,200,13,17,0,0,0,0,0,0,0,0,0,0,0,0
9,2,26396,18,7,2,1,200,13,17,0,0,0,0,0,0,0,0,0,0,0,0
10,2,18398,15,1,2,2,200,13,17,0,0,0,0,0,0,0,0,0,0,0,0
11,2,1867,22,2,2,2,200,13,17,0,0,0,0,0,0,0,0,0,0,0,0
11,2,187,21,2,2,2,200,13,17,0,0,0,0,0,0,0,0,0,0,0,0
10,2,22270,17,1,2,1,200,13,17,0,0,0,0,0,0,0,0,0,0,0,0
12,2,922,21,4,2,2,200,13,17,0,0,0,0,0,0,0,0,0,0,0,0
11,2,22507,18,3,2,2,200,13,17,0,0,0,0,0,0,0,0,0,0,0,0
11,2,18891,16,3,2,1,200,13,17,0,0,0,0,0,0,0,0,0,0,0,0
12,2,4874,2,5,2,2,200,13,17,0,0,0,0,0,0,0,0,0,0,0,0
13,2,837,21,1,2,1,200,13,17,0,0,0,0,0,0,0,0,0,0,0,0
14,2,1668,22,5,2,1,200,13,17,0,0,0,0,0,0,0,0,0,0,0,0
13,2,24741,19,2,2,2,200,13,17,0,0,0,0,0,0,0,0,0,0,0,0
15,1,10278,7,4,2,2,200,13,17,0,0,0,0,0,0,0,0,0,0,0,0
15,1,9782,7,4,2,2,200,13,17,0,0,0,0,0,0,0,0,0,0,0,0
15,1,17494,13,4,2,2,200,13,17,0,0,0,0,0,0,0,0,0,0,0,0
17,1,2127,22,7,2,2,200,13,17,0,0,0,0,0,0,0,0,0,0,0,0
16,1,22551,16,7,2,2,200,13,17,0,0,0,0,0,0,0,0,0,0,0,0
17,1,20271,15,1,2,2,200,13,17,0,0,0,0,0,0,0,0,0,0,0,0
17,1,6655,4,1,2,2,200,13,17,0,0,0,0,0,0,0,0,0,0,0,0
18,1,2674,0,3,2,2,200,13,17,0,0,0,0,0,0,0,0,0,0,0,0
17,1,26159,19,1,2,1,200,13,17,0,0,0,0,0,0,0,0,0,0,0,0
18,1,18690,15,3,2,2,200,13,17,0,0,0,0,0,0,0,0,0,0,0,0
18,1,17522,15,3,2,2,200,13,17,0,0,0,0,0,0,0,0,0,0,0,0
19,1,6122,3,5,2,2,200,13,17,0,0,0,0,0,0,0,0,0,0,0,0
19,1,4138,1,5,2,2,200,13,17,0,0,0,0,0,0,0,0,0,0,0,0
19,1,1946,22,4,2,2,200,13,17,0,0,0,0,0,0,0,0,0,0,0,0
19,1,23146,15,5,2,2,200,13,17,0,0,0,0,0,0,0,0,0,0,0,0
19,1,22170,15,5,2,2,200,13,17,0,0,0,0,0,0,0,0,0,0,0,0
20,1,13744,11,2,2,2,200,13,17,0,0,0,0,0,0,0,0,0,0,0,0
20,1,10128,8,2,2,2,200,13,17,0,0,0,0,0,0,0,0,0,0,0,0
20,1,4480,2,2,2,2,200,13,17,0,0,0,0,0,0,0,0,0,0,0,0
21,1,11179,9,6,2,2,200,13,17,0,0,0,0,0,0,0,0,0,0,0,0
21,1,26459,20,6,2,2,200,13,17,0,0,0,0,0,0,0,0,0,0,0,0
1,3,5014,2,4,2,2,200,13,17,0,0,0,0,0,0,0,0,0,0,0,0
2,3,3411,0,7,2,2,200,13,17,0,0,0,0,0,0,0,0,0,0,0,0
2,3,3395,0,7,2,2,200,13,17,0,0,0,0,0,0,0,0,0,0,0,0
2,3,17987,14,7,2,2,200,13,17,0,0,0,0,0,0,0,0,0,0,0,0
2,3,9555,6,7,2,2,200,13,17,0,0,0,0,0,0,0,0,0,0,0,0
3,3,8380,7,1,2,2,200,13,17,0,0,0,0,0,0,0,0,0,0,0,0
2,3,22643,17,7,2,2,200,13,17,0,0,0,0,0,0,0,0,0,0,0,0
3,3,21244,17,1,2,2,200,13,17,0,0,0,0,0,0,0,0,0,0,0,0
4,3,10066,8,3,2,2,200,13,17,0,0,0,0,0,0,0,0,0,0,0,0
4,3,20914,17,3,2,2,200,13,17,0,0,0,0,0,0,0,0,0,0,0,0
4,3,18418,15,3,2,2,200,13,17,0,0,0,0,0,0,0,0,0,0,0,0
4,3,17826,15,3,2,2,200,13,17,0,0,0,0,0,0,0,0,0,0,0,0
5,3,21017,13,5,2,2,200,13,17,0,0,0,0,0,0,0,0,0,0,0,0
5,3,9129,7,5,2,2,200,13,17,0,0,0,0,0,0,0,0,0,0,0,0
6,3,1862,22,1,2,2,200,13,17,0,0,0,0,0,0,0,0,0,0,0,0
6,3,566,21,1,2,2,200,13,17,0,0,0,0,0,0,0,0,0,0,0,0
6,3,16966,13,2,2,2,200,13,17,0,0,0,0,0,0,0,0,0,0,0,0
7,3,5876,2,6,2,2,200,13,17,0,0,0,0,0,0,0,0,0,0,0,0
8,2,7079,5,4,2,2,200,13,17,0,0,0,0,0,0,0,0,0,0,0,0
8,2,2295,23,3,2,2,200,13,17,0,0,0,0,0,0,0,0,0,0,0,0
8,2,17703,15,4,2,2,200,13,17,0,0,0,0,0,0,0,0,0,0,0,0
9,2,17549,12,7,2,2,200,13,17,0,0,0,0,0,0,0,0,0,0,0,0
9,2,18797,13,7,2,2,200,13,17,0,0,0,0,0,0,0,0,0,0,0,0
10,2,20463,16,1,2,2,200,13,17,0,0,0,0,0,0,0,0,0,0,0,0
10,2,18367,15,1,2,2,200,13,17,0,0,0,0,0,0,0,0,0,0,0,0
10,2,16879,14,1,2,2,200,13,17,0,0,0,0,0,0,0,0,0,0,0,0
10,2,15375,13,1,2,1,200,13,17,0,0,0,0,0,0,0,0,0,0,0,0
10,2,12799,11,1,2,2,200,13,17,0,0,0,0,0,0,0,0,0,0,0,0
10,2,24655,19,1,2,2,200,13,17,0,0,0,0,0,0,0,0,0,0,0,0
12,2,16539,12,5,2,2,200,13,17,0,0,0,0,0,0,0,0,0,0,0,0
12,2,10603,8,5,2,2,200,13,17,0,0,0,0,0,0,0,0,0,0,0,0
12,2,4459,1,5,2,1,200,13,17,0,0,0,0,0,0,0,0,0,0,0,0
12,2,1611,22,4,2,2,200,13,17,0,0,0,0,0,0,0,0,0,0,0,0
12,2,24907,18,5,2,2,200,13,17,0,0,0,0,0,0,0,0,0,0,0,0
12,2,22683,16,5,2,2,200,13,17,0,0,0,0,0,0,0,0,0,0,0,0
13,2,16918,13,2,2,2,200,13,17,0,0,0,0,0,0,0,0,0,0,0,0
13,2,10694,8,2,2,1,200,13,17,0,0,0,0,0,0,0,0,0,0,0,0
13,2,8710,6,2,2,2,200,13,17,0,0,0,0,0,0,0,0,0,0,0,0
13,2,7254,5,2,2,2,200,13,17,0,0,0,0,0,0,0,0,0,0,0,0
14,2,23221,16,6,2,2,200,13,17,0,0,0,0,0,0,0,0,0,0,0,0
14,2,14453,10,6,2,1,200,13,17,0,0,0,0,0,0,0,0,0,0,0,0
15,1,14407,11,4,2,2,200,13,17,0,0,0,0,0,0,0,0,0,0,0,0
15,1,13559,10,4,2,2,200,13,17,0,0,0,0,0,0,0,0,0,0,0,0
16,1,21608,16,7,2,2,200,13,17,0,0,0,0,0,0,0,0,0,0,0,0
18,1,771,21,2,2,2,200,13,17,0,0,0,0,0,0,0,0,0,0,0,0
18,1,23651,19,3,2,2,200,13,17,0,0,0,0,0,0,0,0,0,0,0,0
19,1,2811,23,4,2,2,200,13,17,0,0,0,0,0,0,0,0,0,0,0,0
19,1,1659,22,4,2,2,200,13,17,0,0,0,0,0,0,0,0,0,0,0,0
19,1,19771,13,5,2,2,200,13,17,0,0,0,0,0,0,0,0,0,0,0,0
19,1,16907,11,5,2,2,200,13,17,0,0,0,0,0,0,0,0,0,0,0,0
21,1,1452,22,5,2,2,200,13,17,0,0,0,0,0,0,0,0,0,0,0,0
21,1,16108,12,6,2,2,200,13,17,0,0,0,0,0,0,0,0,0,0,0,0
21,1,11180,9,6,2,1,200,13,17,0,0,0,0,0,0,0,0,0,0,0,0
1,3,9351,7,4,2,2,200,13,17,0,0,0,0,0,0,0,0,0,0,0,0
1,3,24727,19,4,2,2,200,13,17,0,0,0,0,0,0,0,0,0,0,0,0
1,3,24695,19,4,2,2,200,13,17,0,0,0,0,0,0,0,0,0,0,0,0
1,3,22007,17,4,2,2,200,13,17,0,0,0,0,0,0,0,0,0,0,0,0
1,3,19127,15,4,2,2,200,13,17,0,0,0,0,0,0,0,0,0,0,0,0
2,3,16148,12,7,2,2,200,13,17,0,0,0,0,0,0,0,0,0,0,0,0
3,3,621,21,7,2,2,200,13,17,0,0,0,0,0,0,0,0,0,0,0,0
3,3,22221,18,1,2,2,200,13,17,0,0,0,0,0,0,0,0,0,0,0,0
3,3,15293,12,1,2,2,200,13,17,0,0,0,0,0,0,0,0,0,0,0,0
4,3,12211,10,3,2,2,200,13,17,0,0,0,0,0,0,0,0,0,0,0,0
5,3,5130,3,5,2,2,200,13,17,0,0,0,0,0,0,0,0,0,0,0,0
5,3,16234,11,5,2,1,200,13,17,0,0,0,0,0,0,0,0,0,0,0,0
5,3,13146,9,5,2,1,200,13,17,0,0,0,0,0,0,0,0,0,0,0,0
5,3,5306,3,5,2,2,200,13,17,0,0,0,0,0,0,0,0,0,0,0,0
5,3,25578,16,5,2,2,200,13,17,0,0,0,0,0,0,0,0,0,0,0,0
6,3,19703,14,2,2,2,200,13,17,0,0,0,0,0,0,0,0,0,0,0,0
6,3,13335,10,2,2,2,200,13,17,0,0,0,0,0,0,0,0,0,0,0,0
6,3,24423,17,2,2,1,200,13,17,0,0,0,0,0,0,0,0,0,0,0,0
7,3,20709,15,6,2,2,200,13,17,0,0,0,0,0,0,0,0,0,0,0,0
8,2,9736,8,4,2,2,200,13,17,0,0,0,0,0,0,0,0,0,0,0,0
8,2,6152,4,4,2,2,200,13,17,0,0,0,0,0,0,0,0,0,0,0,0
8,2,2648,23,3,2,2,200,13,17,0,0,0,0,0,0,0,0,0,0,0,0
8,2,25256,20,4,2,2,200,13,17,0,0,0,0,0,0,0,0,0,0,0,0
8,2,24824,19,4,2,2,200,13,17,0,0,0,0,0,0,0,0,0,0,0,0
9,2,17838,12,7,2,2,200,13,17,0,0,0,0,0,0,0,0,0,0,0,0
9,2,9550,5,7,2,1,200,13,17,0,0,0,0,0,0,0,0,0,0,0,0
9,2,2430,22,6,2,2,200,13,17,0,0,0,0,0,0,0,0,0,0,0,0
9,2,24142,17,7,2,2,200,13,17,0,0,0,0,0,0,0,0,0,0,0,0
9,2,19566,13,7,2,2,200,13,17,0,0,0,0,0,0,0,0,0,0,0,0
10,2,14448,12,1,2,2,200,13,17,0,0,0,0,0,0,0,0,0,0,0,0
10,2,13568,12,1,2,2,200,13,17,0,0,0,0,0,0,0,0,0,0,0,0
10,2,8448,7,1,2,2,200,13,17,0,0,0,0,0,0,0,0,0,0,0,0
11,2,2573,23,2,2,2,200,13,17,0,0,0,0,0,0,0,0,0,0,0,0
11,2,20653,17,3,2,2,200,13,17,0,0,0,0,0,0,0,0,0,0,0,0
11,2,19949,16,3,2,2,200,13,17,0,0,0,0,0,0,0,0,0,0,0,0
12,2,12236,10,5,2,2,200,13,17,0,0,0,0,0,0,0,0,0,0,0,0
12,2,11596,9,5,2,2,200,13,17,0,0,0,0,0,0,0,0,0,0,0,0
12,2,1356,22,4,2,2,200,13,17,0,0,0,0,0,0,0,0,0,0,0,0
12,2,28140,20,5,2,2,200,13,17,0,0,0,0,0,0,0,0,0,0,0,0
14,2,5510,2,6,2,1,200,13,17,0,0,0,0,0,0,0,0,0,0,0,0
14,2,2694,23,5,2,2,200,13,17,0,0,0,0,0,0,0,0,0,0,0,0
13,2,24087,18,2,2,2,200,13,17,0,0,0,0,0,0,0,0,0,0,0,0
14,2,10070,6,6,2,2,200,13,17,0,0,0,0,0,0,0,0,0,0,0,0
15,1,14232,10,4,2,2,200,13,17,0,0,0,0,0,0,0,0,0,0,0,0
16,1,14217,10,7,2,2,200,13,17,0,0,0,0,0,0,0,0,0,0,0,0
16,1,22201,16,7,2,2,200,13,17,0,0,0,0,0,0,0,0,0,0,0,0
16,1,16985,12,7,2,2,200,13,17,0,0,0,0,0,0,0,0,0,0,0,0
18,1,692,21,2,2,2,200,13,17,0,0,0,0,0,0,0,0,0,0,0,0
18,1,21460,18,3,2,1,200,13,17,0,0,0,0,0,0,0,0,0,0,0,0
19,1,11964,7,5,2,2,200,13,17,0,0,0,0,0,0,0,0,0,0,0,0
19,1,5740,3,5,2,2,200,13,17,0,0,0,0,0,0,0,0,0,0,0,0
19,1,924,21,4,2,2,200,13,17,0,0,0,0,0,0,0,0,0,0,0,0
19,1,20428,14,5,2,2,200,13,17,0,0,0,0,0,0,0,0,0,0,0,0
20,1,24402,19,2,2,2,200,13,17,0,0,0,0,0,0,0,0,0,0,0,0
20,1,20738,16,2,2,2,200,13,17,0,0,0,0,0,0,0,0,0,0,0,0
20,1,17826,14,2,2,2,200,13,17,0,0,0,0,0,0,0,0,0,0,0,0
20,1,16658,13,2,2,2,200,13,17,0,0,0,0,0,0,0,0,0,0,0,0
21,1,17805,13,6,2,2,200,13,17,0,0,0,0,0,0,0,0,0,0,0,0
21,1,13549,10,6,2,2,200,13,17,0,0,0,0,0,0,0,0,0,0,0,0
21,1,13229,10,6,2,2,200,13,17,0,0,0,0,0,0,0,0,0,0,0,0
21,1,24909,19,6,2,2,200,13,17,0,0,0,0,0,0,0,0,0,0,0,0
21,1,23101,18,6,2,2,200,13,17,0,0,0,0,0,0,0,0,0,0,0,0
