1,3,2385,23,3,2,2,200,12,18,0,0,0,0,0,0,0,0,0,0,0,0,0
1,3,16929,14,4,2,2,200,12,18,0,0,0,0,0,0,0,0,0,0,0,0,0
2,3,6750,4,7,2,2,200,12,18,0,0,0,0,0,0,0,0,0,0,0,0,0
3,3,11319,10,1,2,2,200,12,18,0,0,0,0,0,0,0,0,0,0,0,0,0
4,3,20461,17,3,2,2,200,12,18,0,0,0,0,0,0,0,0,0,0,0,0,0
5,3,28180,18,5,2,2,200,12,18,0,0,0,0,0,0,0,0,0,0,0,0,0
6,3,19697,14,2,2,2,200,12,18,0,0,0,0,0,0,0,0,0,0,0,0,0
6,3,13281,10,2,2,2,200,12,18,0,0,0,0,0,0,0,0,0,0,0,0,0
7,3,19039,14,6,2,2,200,12,18,0,0,0,0,0,0,0,0,0,0,0,0,0
7,3,15695,11,6,2,2,200,12,18,0,0,0,0,0,0,0,0,0,0,0,0,0
8,2,4786,2,4,1,2,200,0,18,0,0,0,0,0,0,0,0,0,0,0,0,0
9,2,2008,21,6,2,2,200,12,18,0,0,0,0,0,0,0,0,0,0,0,0,0
8,2,24034,19,4,2,1,200,12,18,0,0,0,0,0,0,0,0,0,0,0,0,0
8,2,19330,16,4,2,2,200,12,18,0,0,0,0,0,0,0,0,0,0,0,0,0
8,2,12674,11,4,2,1,200,12,18,0,0,0,0,0,0,0,0,0,0,0,0,0
9,2,5912,2,7,2,2,200,12,18,0,0,0,0,0,0,0,0,0,0,0,0,0
10,2,5930,5,1,2,2,200,12,18,0,0,0,0,0,0,0,0,0,0,0,0,0
11,2,19559,16,3,2,2,200,12,18,0,0,0,0,0,0,0,0,0,0,0,0,0
12,2,2774,23,4,2,2,200,12,18,0,0,0,0,0,0,0,0,0,0,0,0,0
12,2,27254,19,5,2,2,200,12,18,0,0,0,0,0,0,0,0,0,0,0,0,0
13,2,20033,15,2,2,2,200,12,18,0,0,0,0,0,0,0,0,0,0,0,0,0
13,2,18897,14,2,2,2,200,12,18,0,0,0,0,0,0,0,0,0,0,0,0,0
13,2,4753,1,2,2,2,200,12,18,0,0,0,0,0,0,0,0,0,0,0,0,0
14,2,23136,16,6,2,2,200,12,18,0,0,0,0,0,0,0,0,0,0,0,0,0
15,1,7026,4,4,2,2,200,12,18,0,0,0,0,0,0,0,0,0,0,0,0,0
16,1,17635,12,7,2,2,200,12,18,0,0,0,0,0,0,0,0,0,0,0,0,0
17,1,10779,8,1,2,2,200,12,18,0,0,0,0,0,0,0,0,0,0,0,0,0
17,1,6379,4,1,2,2,200,12,18,0,0,0,0,0,0,0,0,0,0,0,0,0
18,1,11006,9,3,2,2,200,12,18,0,0,0,0,0,0,0,0,0,0,0,0,0
19,1,24822,17,5,2,2,200,12,18,0,0,0,0,0,0,0,0,0,0,0,0,0
20,1,8828,7,2,2,2,200,12,18,0,0,0,0,0,0,0,0,0,0,0,0,0
21,1,4519,2,6,2,2,200,12,18,0,0,0,0,0,0,0,0,0,0,0,0,0
21,1,14919,11,6,2,2,200,12,18,0,0,0,0,0,0,0,0,0,0,0,0,0
21,1,27223,20,6,2,2,200,12,18,0,0,0,0,0,0,0,0,0,0,0,0,0
1,3,19186,15,4,2,2,200,12,18,0,0,0,0,0,0,0,0,0,0,0,0,0
3,3,1752,22,7,2,2,200,12,18,0,0,0,0,0,0,0,0,0,0,0,0,0
4,3,11486,9,3,2,2,200,12,18,0,0,0,0,0,0,0,0,0,0,0,0,0
4,3,8654,7,3,2,2,200,12,18,0,0,0,0,0,0,0,0,0,0,0,0,0
5,3,15637,10,5,2,2,200,12,18,0,0,0,0,0,0,0,0,0,0,0,0,0
6,3,14386,10,2,2,2,200,12,18,0,0,0,0,0,0,0,0,0,0,0,0,0
6,3,9186,6,2,2,2,200,12,18,0,0,0,0,0,0,0,0,0,0,0,0,0
8,2,4003,1,4,2,2,200,12,18,0,0,0,0,0,0,0,0,0,0,0,0,0
12,2,19175,13,5,2,2,200,12,18,0,0,0,0,0,0,0,0,0,0,0,0,0
14,2,9137,6,6,2,2,200,12,18,0,0,0,0,0,0,0,0,0,0,0,0,0
15,1,7539,4,4,2,2,200,12,18,0,0,0,0,0,0,0,0,0,0,0,0,0
14,2,25505,18,6,2,2,200,12,18,0,0,0,0,0,0,0,0,0,0,0,0,0
15,1,20995,16,4,2,2,200,12,18,0,0,0,0,0,0,0,0,0,0,0,0,0
15,1,13043,9,4,2,2,200,12,18,0,0,0,0,0,0,0,0,0,0,0,0,0
16,1,4996,2,7,2,2,200,12,18,0,0,0,0,0,0,0,0,0,0,0,0,0
17,1,17820,14,1,2,2,200,12,18,0,0,0,0,0,0,0,0,0,0,0,0,0
17,1,17676,14,1,2,2,200,12,18,0,0,0,0,0,0,0,0,0,0,0,0,0
17,1,15324,12,1,2,2,200,12,18,0,0,0,0,0,0,0,0,0,0,0,0,0
17,1,6252,4,1,2,2,200,12,18,0,0,0,0,0,0,0,0,0,0,0,0,0
19,1,4823,2,5,2,2,200,12,18,0,0,0,0,0,0,0,0,0,0,0,0,0
21,1,9048,7,6,2,2,200,12,18,0,0,0,0,0,0,0,0,0,0,0,0,0
1,3,1987,22,3,2,2,200,12,18,0,0,0,0,0,0,0,0,0,0,0,0,0
3,3,4409,2,1,2,2,200,12,18,0,0,0,0,0,0,0,0,0,0,0,0,0
7,3,1761,22,5,2,2,200,12,18,0,0,0,0,0,0,0,0,0,0,0,0,0
7,3,15697,11,6,2,2,200,12,18,0,0,0,0,0,0,0,0,0,0,0,0,0
8,2,24004,19,4,2,1,200,12,18,0,0,0,0,0,0,0,0,0,0,0,0,0
9,2,29482,20,7,2,2,200,12,18,0,0,0,0,0,0,0,0,0,0,0,0,0
9,2,23290,16,7,2,2,200,12,18,0,0,0,0,0,0,0,0,0,0,0,0,0
10,2,19820,15,1,2,2,200,12,18,0,0,0,0,0,0,0,0,0,0,0,0,0
10,2,13324,12,1,2,2,200,12,18,0,0,0,0,0,0,0,0,0,0,0,0,0
12,2,3912,0,5,2,2,200,12,18,0,0,0,0,0,0,0,0,0,0,0,0,0
14,2,5634,2,6,2,2,200,12,18,0,0,0,0,0,0,0,0,0,0,0,0,0
14,2,24370,17,6,2,2,200,12,18,0,0,0,0,0,0,0,0,0,0,0,0,0
16,1,5973,3,7,2,2,200,12,18,0,0,0,0,0,0,0,0,0,0,0,0,0
17,1,21933,16,1,2,2,200,12,18,0,0,0,0,0,0,0,0,0,0,0,0,0
17,1,21165,16,1,2,2,200,12,18,0,0,0,0,0,0,0,0,0,0,0,0,0
18,1,25056,20,3,2,2,200,12,18,0,0,0,0,0,0,0,0,0,0,0,0,0
18,1,24208,19,3,2,2,200,12,18,0,0,0,0,0,0,0,0,0,0,0,0,0
20,1,13150,11,2,2,2,200,12,18,0,0,0,0,0,0,0,0,0,0,0,0,0
2,3,3793,1,7,2,2,200,12,18,0,0,0,0,0,0,0,0,0,0,0,0,0
2,3,16769,13,7,2,2,200,12,18,0,0,0,0,0,0,0,0,0,0,0,0,0
3,3,4442,2,1,2,2,200,12,18,0,0,0,0,0,0,0,0,0,0,0,0,0
5,3,13143,9,5,2,1,200,12,18,0,0,0,0,0,0,0,0,0,0,0,0,0
6,3,3204,23,1,2,2,200,12,18,0,0,0,0,0,0,0,0,0,0,0,0,0
5,3,28807,19,5,2,2,200,12,18,0,0,0,0,0,0,0,0,0,0,0,0,0
5,3,26631,17,5,2,2,200,12,18,0,0,0,0,0,0,0,0,0,0,0,0,0
5,3,25799,16,5,2,2,200,12,18,0,0,0,0,0,0,0,0,0,0,0,0,0
6,3,5988,3,2,2,2,200,12,18,0,0,0,0,0,0,0,0,0,0,0,0,0
7,3,8818,5,6,2,2,200,12,18,0,0,0,0,0,0,0,0,0,0,0,0,0
7,3,15650,11,6,2,2,200,12,18,0,0,0,0,0,0,0,0,0,0,0,0,0
7,3,14594,11,6,2,1,200,12,18,1,2,1,1,1,1,1,2,1,1,1,1,1
7,3,9522,6,6,2,2,200,12,18,0,0,0,0,0,0,0,0,0,0,0,0,0
7,3,9458,6,6,2,2,200,12,18,0,0,0,0,0,0,0,0,0,0,0,0,0
10,2,6397,6,1,2,2,200,12,18,0,0,0,0,0,0,0,0,0,0,0,0,0
11,2,3082,0,3,2,2,200,12,18,0,0,0,0,0,0,0,0,0,0,0,0,0
11,2,362,21,2,2,2,200,12,18,0,0,0,0,0,0,0,0,0,0,0,0,0
12,2,4153,1,5,2,2,200,12,18,0,0,0,0,0,0,0,0,0,0,0,0,0
13,2,516,21,1,2,2,200,12,18,0,0,0,0,0,0,0,0,0,0,0,0,0
13,2,19124,14,2,2,2,200,12,18,0,0,0,0,0,0,0,0,0,0,0,0,0
13,2,18820,14,2,2,2,200,12,18,0,0,0,0,0,0,0,0,0,0,0,0,0
14,2,1859,22,5,2,2,200,12,18,0,0,0,0,0,0,0,0,0,0,0,0,0
14,2,10787,7,6,2,2,200,12,18,0,0,0,0,0,0,0,0,0,0,0,0,0
15,1,6181,2,4,2,2,200,12,18,0,0,0,0,0,0,0,0,0,0,0,0,0
15,1,25525,20,4,2,2,200,12,18,0,0,0,0,0,0,0,0,0,0,0,0,0
15,1,24821,19,4,2,2,200,12,18,0,0,0,0,0,0,0,0,0,0,0,0,0
16,1,21862,16,7,2,2,200,12,18,0,0,0,0,0,0,0,0,0,0,0,0,0
16,1,21094,15,7,2,2,200,12,18,0,0,0,0,0,0,0,0,0,0,0,0,0
16,1,19862,14,7,2,2,200,12,18,0,0,0,0,0,0,0,0,0,0,0,0,0
17,1,17614,13,1,2,2,200,12,18,0,0,0,0,0,0,0,0,0,0,0,0,0
18,1,5745,4,3,2,2,200,12,18,0,0,0,0,0,0,0,0,0,0,0,0,0
18,1,17969,15,3,2,2,200,12,18,0,0,0,0,0,0,0,0,0,0,0,0,0
18,1,8913,8,3,2,2,200,12,18,0,0,0,0,0,0,0,0,0,0,0,0,0
20,1,13007,10,2,2,2,200,12,18,0,0,0,0,0,0,0,0,0,0,0,0,0
20,1,19039,15,2,2,2,200,12,18,0,0,0,0,0,0,0,0,0,0,0,0,0
21,1,11626,9,6,2,2,200,12,18,0,0,0,0,0,0,0,0,0,0,0,0,0
3,3,7051,6,1,2,2,200,12,18,0,0,0,0,0,0,0,0,0,0,0,0,0
3,3,20475,16,1,2,2,200,12,18,0,0,0,0,0,0,0,0,0,0,0,0,0
4,3,18721,15,3,2,1,200,12,18,0,0,0,0,0,0,0,0,0,0,0,0,0
6,3,5269,2,2,2,2,200,12,18,0,0,0,0,0,0,0,0,0,0,0,0,0
7,3,3379,0,6,2,2,200,12,18,0,0,0,0,0,0,0,0,0,0,0,0,0
7,3,11539,8,6,2,2,200,12,18,0,0,0,0,0,0,0,0,0,0,0,0,0
8,2,9974,8,4,2,2,200,12,18,0,0,0,0,0,0,0,0,0,0,0,0,0
8,2,1814,22,3,2,2,200,12,18,0,0,0,0,0,0,0,0,0,0,0,0,0
9,2,1980,21,6,2,2,200,12,18,0,0,0,0,0,0,0,0,0,0,0,0,0
9,2,8652,5,7,2,2,200,12,18,0,0,0,0,0,0,0,0,0,0,0,0,0
9,2,6732,3,7,2,2,200,12,18,0,0,0,0,0,0,0,0,0,0,0,0,0
9,2,20108,14,7,2,2,200,12,18,0,0,0,0,0,0,0,0,0,0,0,0,0
12,2,10682,8,5,2,2,200,12,18,0,0,0,0,0,0,0,0,0,0,0,0,0
12,2,4042,1,5,2,2,200,12,18,0,0,0,0,0,0,0,0,0,0,0,0,0
12,2,28394,20,5,2,2,200,12,18,0,0,0,0,0,0,0,0,0,0,0,0,0
12,2,19370,14,5,2,2,200,12,18,0,0,0,0,0,0,0,0,0,0,0,0,0
12,2,19338,14,5,2,2,200,12,18,0,0,0,0,0,0,0,0,0,0,0,0,0
14,2,21764,15,6,2,2,200,12,18,0,0,0,0,0,0,0,0,0,0,0,0,0
15,1,14118,10,4,2,2,200,12,18,0,0,0,0,0,0,0,0,0,0,0,0,0
15,1,11430,8,4,2,2,200,12,18,0,0,0,0,0,0,0,0,0,0,0,0,0
17,1,16959,13,1,2,2,200,12,18,0,0,0,0,0,0,0,0,0,0,0,0,0
17,1,15263,12,1,2,2,200,12,18,0,0,0,0,0,0,0,0,0,0,0,0,0
19,1,6090,3,5,2,2,200,12,18,0,0,0,0,0,0,0,0,0,0,0,0,0
20,1,4624,2,2,2,2,200,12,18,0,0,0,0,0,0,0,0,0,0,0,0,0
21,1,3723,0,6,2,2,200,12,18,0,0,0,0,0,0,0,0,0,0,0,0,0
21,1,18811,14,6,2,2,200,12,18,0,0,0,0,0,0,0,0,0,0,0,0,0
2,3,5683,3,7,2,2,200,12,18,0,0,0,0,0,0,0,0,0,0,0,0,0
4,3,8978,7,3,2,2,200,12,18,0,0,0,0,0,0,0,0,0,0,0,0,0
4,3,6306,5,3,2,2,200,12,18,0,0,0,0,0,0,0,0,0,0,0,0,0
4,3,20450,17,3,2,2,200,12,18,0,0,0,0,0,0,0,0,0,0,0,0,0
4,3,20338,16,3,2,2,200,12,18,0,0,0,0,0,0,0,0,0,0,0,0,0
5,3,21241,13,5,2,2,200,12,18,0,0,0,0,0,0,0,0,0,0,0,0,0
5,3,23785,15,5,2,1,200,12,18,0,0,0,0,0,0,0,0,0,0,0,0,0
6,3,8406,5,2,2,2,200,12,18,0,0,0,0,0,0,0,0,0,0,0,0,0
7,3,10708,7,6,2,1,200,12,18,0,0,0,0,0,0,0,0,0,0,0,0,0
8,2,7783,6,4,2,2,200,12,18,0,0,0,0,0,0,0,0,0,0,0,0,0
9,2,8205,4,7,2,2,200,12,18,0,0,0,0,0,0,0,0,0,0,0,0,0
9,2,4173,0,7,2,2,200,12,18,0,0,0,0,0,0,0,0,0,0,0,0,0
12,2,19243,13,5,2,2,200,12,18,0,0,0,0,0,0,0,0,0,0,0,0,0
14,2,5909,2,6,2,2,200,12,18,0,0,0,0,0,0,0,0,0,0,0,0,0
14,2,21717,15,6,2,2,200,12,18,0,0,0,0,0,0,0,0,0,0,0,0,0
15,1,23351,18,4,2,2,200,12,18,0,0,0,0,0,0,0,0,0,0,0,0,0
17,1,15904,12,1,2,2,200,12,18,0,0,0,0,0,0,0,0,0,0,0,0,0
18,1,7075,6,3,2,2,200,12,18,0,0,0,0,0,0,0,0,0,0,0,0,0
18,1,4067,2,3,2,2,200,12,18,0,0,0,0,0,0,0,0,0,0,0,0,0
17,1,27904,20,1,2,2,200,12,18,0,0,0,0,0,0,0,0,0,0,0,0,0
20,1,12929,10,2,2,2,200,12,18,0,0,0,0,0,0,0,0,0,0,0,0,0
21,1,9324,7,6,2,2,200,12,18,0,0,0,0,0,0,0,0,0,0,0,0,0
1,3,4679,2,4,2,2,200,12,18,0,0,0,0,0,0,0,0,0,0,0,0,0
2,3,3428,0,7,2,2,200,12,18,0,0,0,0,0,0,0,0,0,0,0,0,0
2,3,17380,13,7,2,1,200,12,18,0,0,0,0,0,0,0,0,0,0,0,0,0
2,3,8116,5,7,2,2,200,12,18,0,0,0,0,0,0,0,0,0,0,0,0,0
3,3,10333,9,1,2,2,200,12,18,0,0,0,0,0,0,0,0,0,0,0,0,0
4,3,7475,6,3,2,2,200,12,18,0,0,0,0,0,0,0,0,0,0,0,0,0
5,3,16266,11,5,2,1,200,12,18,0,0,0,0,0,0,0,0,0,0,0,0,0
5,3,10266,7,5,2,2,200,12,18,0,0,0,0,0,0,0,0,0,0,0,0,0
5,3,8154,6,5,2,2,200,12,18,0,0,0,0,0,0,0,0,0,0,0,0,0
6,3,19639,14,2,2,2,200,12,18,0,0,0,0,0,0,0,0,0,0,0,0,0
6,3,5927,3,2,2,2,200,12,18,0,0,0,0,0,0,0,0,0,0,0,0,0
6,3,22759,16,2,2,2,200,12,18,0,0,0,0,0,0,0,0,0,0,0,0,0
9,2,13710,9,7,2,2,200,12,18,0,0,0,0,0,0,0,0,0,0,0,0,0
9,2,5870,2,7,2,2,200,12,18,0,0,0,0,0,0,0,0,0,0,0,0,0
9,2,5374,1,7,2,2,200,12,18,0,0,0,0,0,0,0,0,0,0,0,0,0
10,2,3856,2,1,2,2,200,12,18,0,0,0,0,0,0,0,0,0,0,0,0,0
12,2,6396,4,5,2,2,200,12,18,0,0,0,0,0,0,0,0,0,0,0,0,0
14,2,5734,2,6,2,2,200,12,18,0,0,0,0,0,0,0,0,0,0,0,0,0
16,1,14281,10,7,2,2,200,12,18,0,0,0,0,0,0,0,0,0,0,0,0,0
16,1,18361,13,7,2,2,200,12,18,0,0,0,0,0,0,0,0,0,0,0,0,0
17,1,17377,13,1,2,2,200,12,18,0,0,0,0,0,0,0,0,0,0,0,0,0
18,1,2852,0,3,2,2,200,12,18,0,0,0,0,0,0,0,0,0,0,0,0,0
19,1,5516,3,5,2,2,200,12,18,0,0,0,0,0,0,0,0,0,0,0,0,0
19,1,25020,17,5,2,2,200,12,18,0,0,0,0,0,0,0,0,0,0,0,0,0
