2,3,24702,18,7,2,2,200,14,295,0,0,0,0,0,0,0,0,0,0,0,0
3,3,15063,12,1,2,2,200,14,295,0,0,0,0,0,0,0,0,0,0,0,0
4,3,6173,5,3,2,2,200,14,295,0,0,0,0,0,0,0,0,0,0,0,0
4,3,3085,0,3,2,2,200,14,295,0,0,0,0,0,0,0,0,0,0,0,0
4,3,2909,0,3,2,2,200,14,295,0,0,0,0,0,0,0,0,0,0,0,0
6,3,23457,17,2,2,1,200,14,295,0,0,0,0,0,0,0,0,0,0,0,0
7,3,9343,6,6,2,2,200,14,295,0,0,0,0,0,0,0,0,0,0,0,0
8,2,11858,10,4,2,2,200,14,295,0,0,0,0,0,0,0,0,0,0,0,0
8,2,8290,7,4,2,1,200,14,295,0,0,0,0,0,0,0,0,0,0,0,0
10,2,1290,22,7,2,2,200,14,295,0,0,0,0,0,0,0,0,0,0,0,0
11,2,8887,8,3,2,2,200,14,295,0,0,0,0,0,0,0,0,0,0,0,0
11,2,5767,4,3,2,2,200,14,295,0,0,0,0,0,0,0,0,0,0,0,0
12,2,3062,0,5,2,2,200,14,295,0,0,0,0,0,0,0,0,0,0,0,0
13,2,18977,14,2,2,2,200,14,295,0,0,0,0,0,0,0,0,0,0,0,0
13,2,10417,7,2,2,2,200,14,295,0,0,0,0,0,0,0,0,0,0,0,0
13,2,8593,6,2,2,2,200,14,295,0,0,0,0,0,0,0,0,0,0,0,0
13,2,24433,18,2,2,2,200,14,295,0,0,0,0,0,0,0,0,0,0,0,0
17,1,4155,1,1,2,2,200,14,295,0,0,0,0,0,0,0,0,0,0,0,0
17,1,9035,7,1,2,2,200,14,295,0,0,0,0,0,0,0,0,0,0,0,0
20,1,11996,10,2,2,2,200,14,295,0,0,0,0,0,0,0,0,0,0,0,0
21,1,6583,5,6,2,2,200,14,295,0,0,0,0,0,0,0,0,0,0,0,0
21,1,22487,17,6,2,2,200,14,295,0,0,0,0,0,0,0,0,0,0,0,0
2,3,27407,20,7,2,2,200,14,295,0,0,0,0,0,0,0,0,0,0,0,0
5,3,13173,9,5,2,1,200,14,295,0,0,0,0,0,0,0,0,0,0,0,0
5,3,24469,16,5,2,2,200,14,295,0,0,0,0,0,0,0,0,0,0,0,0
9,2,16505,11,7,2,1,200,14,295,0,0,0,0,0,0,0,0,0,0,0,0
9,2,10969,7,7,2,2,200,14,295,0,0,0,0,0,0,0,0,0,0,0,0
9,2,19897,13,7,2,2,200,14,295,0,0,0,0,0,0,0,0,0,0,0,0
12,2,15927,12,5,2,2,200,14,295,0,0,0,0,0,0,0,0,0,0,0,0
13,2,13458,10,2,2,1,200,14,295,0,0,0,0,0,0,0,0,0,0,0,0
13,2,11938,9,2,2,2,200,14,295,1,1,1,1,1,1,1,1,1,1,1,1
14,2,6897,3,6,2,2,200,14,295,0,0,0,0,0,0,0,0,0,0,0,0
14,2,9393,6,6,2,2,200,14,295,0,0,0,0,0,0,0,0,0,0,0,0
17,1,12876,10,1,2,2,200,14,295,0,0,0,0,0,0,0,0,0,0,0,0
19,1,6183,3,5,2,2,200,14,295,0,0,0,0,0,0,0,0,0,0,0,0
20,1,18829,15,2,2,2,200,14,295,0,0,0,0,0,0,0,0,0,0,0,0
21,1,16488,12,6,2,2,200,14,295,0,0,0,0,0,0,0,0,0,0,0,0
21,1,22456,17,6,2,2,200,14,295,0,0,0,0,0,0,0,0,0,0,0,0
3,3,7929,6,1,2,2,200,14,295,0,0,0,0,0,0,0,0,0,0,0,0
4,3,12863,11,3,2,2,200,14,295,0,0,0,0,0,0,0,0,0,0,0,0
8,2,10436,9,4,2,2,200,14,295,0,0,0,0,0,0,0,0,0,0,0,0
8,2,1380,22,3,2,2,200,14,295,0,0,0,0,0,0,0,0,0,0,0,0
8,2,18884,16,4,2,2,200,14,295,0,0,0,0,0,0,0,0,0,0,0,0
12,2,12824,10,5,2,2,200,14,295,0,0,0,0,0,0,0,0,0,0,0,0
13,2,979,21,1,2,1,200,14,295,0,0,0,0,0,0,0,0,0,0,0,0
12,2,23576,17,5,2,2,200,14,295,0,0,0,0,0,0,0,0,0,0,0,0
13,2,10643,8,2,2,2,200,14,295,0,0,0,0,0,0,0,0,0,0,0,0
13,2,23779,18,2,2,2,200,14,295,0,0,0,0,0,0,0,0,0,0,0,0
17,1,4285,1,1,2,2,200,14,295,0,0,0,0,0,0,0,0,0,0,0,0
16,1,18693,13,7,2,2,200,14,295,0,0,0,0,0,0,0,0,0,0,0,0
20,1,9214,7,2,2,2,200,14,295,0,0,0,0,0,0,0,0,0,0,0,0
20,1,2990,23,1,2,2,200,14,295,0,0,0,0,0,0,0,0,0,0,0,0
21,1,3145,23,5,2,2,200,14,295,0,0,0,0,0,0,0,0,0,0,0,0
21,1,7385,5,6,2,2,200,14,295,0,0,0,0,0,0,0,0,0,0,0,0
1,3,26980,20,4,2,2,200,14,295,0,0,0,0,0,0,0,0,0,0,0,0
2,3,7809,5,7,2,2,200,14,295,0,0,0,0,0,0,0,0,0,0,0,0
2,3,24737,18,7,2,2,200,14,295,0,0,0,0,0,0,0,0,0,0,0,0
2,3,23713,17,7,2,2,200,14,295,0,0,0,0,0,0,0,0,0,0,0,0
4,3,9792,8,3,2,2,200,14,295,0,0,0,0,0,0,0,0,0,0,0,0
4,3,23152,19,3,2,2,200,14,295,0,0,0,0,0,0,0,0,0,0,0,0
4,3,17760,15,3,1,2,200,0,295,0,0,0,0,0,0,0,0,0,0,0,0
5,3,18743,12,5,2,2,200,14,295,0,0,0,0,0,0,0,0,0,0,0,0
5,3,27575,18,5,2,2,200,14,295,0,0,0,0,0,0,0,0,0,0,0,0
7,3,8370,5,6,2,1,200,14,295,0,0,0,0,0,0,0,0,0,0,0,0
9,2,20059,14,7,2,1,200,14,295,0,0,0,0,0,0,0,0,0,0,0,0
10,2,10493,9,1,2,2,200,14,295,0,0,0,0,0,0,0,0,0,0,0,0
11,2,16154,14,3,2,2,200,14,295,0,0,0,0,0,0,0,0,0,0,0,0
12,2,22777,16,5,2,2,200,14,295,0,0,0,0,0,0,0,0,0,0,0,0
17,1,14494,11,1,2,2,200,14,295,0,0,0,0,0,0,0,0,0,0,0,0
17,1,6110,3,1,2,2,200,14,295,0,0,0,0,0,0,0,0,0,0,0,0
19,1,11817,7,5,2,2,200,14,295,0,0,0,0,0,0,0,0,0,0,0,0
20,1,20447,16,2,2,2,200,14,295,0,0,0,0,0,0,0,0,0,0,0,0
21,1,16202,12,6,2,1,200,14,295,0,0,0,0,0,0,0,0,0,0,0,0
21,1,9850,8,6,2,2,200,14,295,0,0,0,0,0,0,0,0,0,0,0,0
1,3,26869,20,4,2,2,200,14,295,0,0,0,0,0,0,0,0,0,0,0,0
6,3,5317,2,2,2,2,200,14,295,0,0,0,0,0,0,0,0,0,0,0,0
7,3,18739,14,6,2,2,200,14,295,0,0,0,0,0,0,0,0,0,0,0,0
8,2,12582,10,4,2,2,200,14,295,0,0,0,0,0,0,0,0,0,0,0,0
9,2,17452,12,7,2,2,200,14,295,0,0,0,0,0,0,0,0,0,0,0,0
9,2,15724,11,7,2,2,200,14,295,0,0,0,0,0,0,0,0,0,0,0,0
9,2,12188,8,7,2,2,200,14,295,0,0,0,0,0,0,0,0,0,0,0,0
9,2,8428,4,7,2,2,200,14,295,0,0,0,0,0,0,0,0,0,0,0,0
9,2,27260,19,7,2,2,200,14,295,0,0,0,0,0,0,0,0,0,0,0,0
12,2,6826,4,5,2,2,200,14,295,0,0,0,0,0,0,0,0,0,0,0,0
12,2,17754,13,5,2,2,200,14,295,0,0,0,0,0,0,0,0,0,0,0,0
13,2,18501,14,2,2,2,200,14,295,0,0,0,0,0,0,0,0,0,0,0,0
14,2,27044,19,6,2,2,200,14,295,0,0,0,0,0,0,0,0,0,0,0,0
19,1,5946,3,5,2,2,200,14,295,0,0,0,0,0,0,0,0,0,0,0,0
1,3,23142,18,4,2,2,200,14,295,0,0,0,0,0,0,0,0,0,0,0,0
1,3,17142,14,4,2,2,200,14,295,0,0,0,0,0,0,0,0,0,0,0,0
2,3,11123,8,7,2,2,200,14,295,0,0,0,0,0,0,0,0,0,0,0,0
3,3,14300,12,1,2,2,200,14,295,0,0,0,0,0,0,0,0,0,0,0,0
5,3,12313,8,5,2,2,200,14,295,0,0,0,0,0,0,0,0,0,0,0,0
6,3,18422,13,2,2,1,200,14,295,0,0,0,0,0,0,0,0,0,0,0,0
7,3,4628,1,6,2,2,200,14,295,0,0,0,0,0,0,0,0,0,0,0,0
8,2,1943,22,3,2,1,200,14,295,0,0,0,0,0,0,0,0,0,0,0,0
9,2,1005,21,6,2,2,200,14,295,0,0,0,0,0,0,0,0,0,0,0,0
8,2,24519,19,4,2,2,200,14,295,0,0,0,0,0,0,0,0,0,0,0,0
9,2,4461,0,7,2,2,200,14,295,0,0,0,0,0,0,0,0,0,0,0,0
9,2,29293,20,7,2,2,200,14,295,0,0,0,0,0,0,0,0,0,0,0,0
10,2,18719,15,1,2,2,200,14,295,0,0,0,0,0,0,0,0,0,0,0,0
15,1,3863,0,4,2,2,200,14,295,0,0,0,0,0,0,0,0,0,0,0,0
15,1,26279,20,4,2,2,200,14,295,0,0,0,0,0,0,0,0,0,0,0,0
15,1,26167,20,4,2,2,200,14,295,0,0,0,0,0,0,0,0,0,0,0,0
15,1,11783,8,4,2,2,200,14,295,0,0,0,0,0,0,0,0,0,0,0,0
16,1,19000,14,7,2,2,200,14,295,0,0,0,0,0,0,0,0,0,0,0,0
17,1,17568,13,1,2,2,200,14,295,0,0,0,0,0,0,0,0,0,0,0,0
17,1,11968,9,1,2,2,200,14,295,0,0,0,0,0,0,0,0,0,0,0,0
2,3,1348,22,6,2,2,200,14,295,0,0,0,0,0,0,0,0,0,0,0,0
2,3,11940,8,7,2,2,200,14,295,0,0,0,0,0,0,0,0,0,0,0,0
2,3,6836,4,7,2,2,200,14,295,0,0,0,0,0,0,0,0,0,0,0,0
3,3,4813,2,1,2,2,200,14,295,0,0,0,0,0,0,0,0,0,0,0,0
5,3,5466,3,5,2,2,200,14,295,0,0,0,0,0,0,0,0,0,0,0,0
6,3,807,21,1,2,2,200,14,295,0,0,0,0,0,0,0,0,0,0,0,0
8,2,1432,22,3,2,2,200,14,295,0,0,0,0,0,0,0,0,0,0,0,0
10,2,2832,0,1,2,2,200,14,295,0,0,0,0,0,0,0,0,0,0,0,0
10,2,1248,22,7,2,2,200,14,295,0,0,0,0,0,0,0,0,0,0,0,0
9,2,25134,17,7,2,2,200,14,295,0,0,0,0,0,0,0,0,0,0,0,0
11,2,1517,22,2,2,2,200,14,295,0,0,0,0,0,0,0,0,0,0,0,0
12,2,21180,15,5,2,2,200,14,295,0,0,0,0,0,0,0,0,0,0,0,0
15,1,14168,10,4,2,2,200,14,295,0,0,0,0,0,0,0,0,0,0,0,0
16,1,5385,2,7,2,2,200,14,295,0,0,0,0,0,0,0,0,0,0,0,0
17,1,13169,10,1,2,2,200,14,295,0,0,0,0,0,0,0,0,0,0,0,0
17,1,25025,18,1,2,1,200,14,295,0,0,0,0,0,0,0,0,0,0,0,0
21,1,14957,11,6,2,2,200,14,295,0,0,0,0,0,0,0,0,0,0,0,0
