1,3,20673,16,4,2,2,200,14,366,0,0,0,0,0,0,0,0,0,0,0,0
2,3,20542,15,7,2,1,200,14,366,0,0,0,0,0,0,0,0,0,0,0,0
2,3,6030,3,7,2,2,200,14,366,0,0,0,0,0,0,0,0,0,0,0,0
5,3,1828,22,4,2,2,200,14,366,0,0,0,0,0,0,0,0,0,0,0,0
6,3,14401,11,2,2,2,200,14,366,0,0,0,0,0,0,0,0,0,0,0,0
6,3,10161,7,2,2,2,200,14,366,0,0,0,0,0,0,0,0,0,0,0,0
7,3,5519,2,6,2,2,200,14,366,0,0,0,0,0,0,0,0,0,0,0,0
8,2,17266,14,4,2,2,200,14,366,0,0,0,0,0,0,0,0,0,0,0,0
8,2,15202,13,4,2,2,200,14,366,0,0,0,0,0,0,0,0,0,0,0,0
9,2,5352,1,7,2,2,200,14,366,0,0,0,0,0,0,0,0,0,0,0,0
9,2,21304,14,7,2,2,200,14,366,0,0,0,0,0,0,0,0,0,0,0,0
11,2,8727,7,3,2,2,200,14,366,0,0,0,0,0,0,0,0,0,0,0,0
11,2,12951,12,3,2,2,200,14,366,0,0,0,0,0,0,0,0,0,0,0,0
13,2,13297,10,2,2,2,200,14,366,0,0,0,0,0,0,0,0,0,0,0,0
13,2,21729,16,2,2,2,200,14,366,0,0,0,0,0,0,0,0,0,0,0,0
14,2,19328,14,6,2,2,200,14,366,0,0,0,0,0,0,0,0,0,0,0,0
15,1,10354,7,4,2,2,200,14,366,0,0,0,0,0,0,0,0,0,0,0,0
15,1,9634,7,4,2,2,200,14,366,0,0,0,0,0,0,0,0,0,0,0,0
17,1,19547,15,1,2,2,200,14,366,0,0,0,0,0,0,0,0,0,0,0,0
19,1,9526,6,5,2,2,200,14,366,0,0,0,0,0,0,0,0,0,0,0,0
21,1,4215,1,6,2,2,200,14,366,0,0,0,0,0,0,0,0,0,0,0,0
20,1,19772,16,2,2,2,200,14,366,0,0,0,0,0,0,0,0,0,0,0,0
2,3,23231,17,7,2,2,200,14,366,0,0,0,0,0,0,0,0,0,0,0,0
2,3,22927,17,7,2,2,200,14,366,0,0,0,0,0,0,0,0,0,0,0,0
4,3,8430,7,3,2,2,200,14,366,0,0,0,0,0,0,0,0,0,0,0,0
4,3,6270,5,3,2,2,200,14,366,0,0,0,0,0,0,0,0,0,0,0,0
4,3,16974,14,3,2,2,200,14,366,0,0,0,0,0,0,0,0,0,0,0,0
7,3,9072,5,6,2,2,200,14,366,0,0,0,0,0,0,0,0,0,0,0,0
7,3,7568,4,6,2,2,200,14,366,0,0,0,0,0,0,0,0,0,0,0,0
7,3,16384,12,6,2,2,200,14,366,0,0,0,0,0,0,0,0,0,0,0,0
7,3,11872,9,6,2,1,200,14,366,0,0,0,0,0,0,0,0,0,0,0,0
7,3,10256,7,6,2,2,200,14,366,0,0,0,0,0,0,0,0,0,0,0,0
8,2,4771,2,4,2,2,200,14,366,0,0,0,0,0,0,0,0,0,0,0,0
8,2,26419,20,4,2,2,200,14,366,0,0,0,0,0,0,0,0,0,0,0,0
9,2,12889,8,7,2,2,200,14,366,0,0,0,0,0,0,0,0,0,0,0,0
9,2,26233,18,7,2,2,200,14,366,0,0,0,0,0,0,0,0,0,0,0,0
10,2,17867,14,1,2,2,200,14,366,0,0,0,0,0,0,0,0,0,0,0,0
10,2,16283,13,1,2,2,200,14,366,0,0,0,0,0,0,0,0,0,0,0,0
10,2,13291,12,1,2,2,200,14,366,0,0,0,0,0,0,0,0,0,0,0,0
10,2,22283,17,1,2,2,200,14,366,0,0,0,0,0,0,0,0,0,0,0,0
11,2,20440,17,3,2,2,200,14,366,0,0,0,0,0,0,0,0,0,0,0,0
14,2,1313,22,5,2,2,200,14,366,0,0,0,0,0,0,0,0,0,0,0,0
13,2,21986,16,2,2,2,200,14,366,0,0,0,0,0,0,0,0,0,0,0,0
14,2,21409,15,6,2,2,200,14,366,0,0,0,0,0,0,0,0,0,0,0,0
14,2,21345,15,6,2,2,200,14,366,0,0,0,0,0,0,0,0,0,0,0,0
14,2,17601,12,6,2,2,200,14,366,0,0,0,0,0,0,0,0,0,0,0,0
15,1,22467,17,4,2,2,200,14,366,0,0,0,0,0,0,0,0,0,0,0,0
17,1,14124,11,1,2,2,200,14,366,0,0,0,0,0,0,0,0,0,0,0,0
18,1,1279,22,2,2,2,200,14,366,0,0,0,0,0,0,0,0,0,0,0,0
19,1,11431,7,5,2,2,200,14,366,0,0,0,0,0,0,0,0,0,0,0,0
19,1,18055,12,5,2,2,200,14,366,0,0,0,0,0,0,0,0,0,0,0,0
21,1,23592,18,6,2,2,200,14,366,0,0,0,0,0,0,0,0,0,0,0,0
1,3,499,21,3,2,2,200,14,366,0,0,0,0,0,0,0,0,0,0,0,0
2,3,10944,8,7,2,2,200,14,366,0,0,0,0,0,0,0,0,0,0,0,0
2,3,21680,16,7,2,2,200,14,366,0,0,0,0,0,0,0,0,0,0,0,0
4,3,4063,2,3,2,2,200,14,366,0,0,0,0,0,0,0,0,0,0,0,0
4,3,15423,13,3,2,2,200,14,366,0,0,0,0,0,0,0,0,0,0,0,0
5,3,14694,9,5,2,2,200,14,366,0,0,0,0,0,0,0,0,0,0,0,0
7,3,6209,3,6,2,2,200,14,366,0,0,0,0,0,0,0,0,0,0,0,0
7,3,15921,12,6,2,2,200,14,366,0,0,0,0,0,0,0,0,0,0,0,0
8,2,10868,9,4,2,2,200,14,366,0,0,0,0,0,0,0,0,0,0,0,0
9,2,9946,6,7,2,2,200,14,366,0,0,0,0,0,0,0,0,0,0,0,0
9,2,7834,4,7,2,2,200,14,366,0,0,0,0,0,0,0,0,0,0,0,0
10,2,4348,3,1,2,2,200,14,366,0,0,0,0,0,0,0,0,0,0,0,0
11,2,24569,20,3,2,2,200,14,366,0,0,0,0,0,0,0,0,0,0,0,0
12,2,26664,19,5,2,2,200,14,366,0,0,0,0,0,0,0,0,0,0,0,0
13,2,9075,6,2,2,2,200,14,366,0,0,0,0,0,0,0,0,0,0,0,0
14,2,7666,4,6,2,2,200,14,366,0,0,0,0,0,0,0,0,0,0,0,0
16,1,27861,20,7,2,2,200,14,366,0,0,0,0,0,0,0,0,0,0,0,0
17,1,12845,10,1,2,2,200,14,366,0,0,0,0,0,0,0,0,0,0,0,0
18,1,7088,6,3,2,2,200,14,366,0,0,0,0,0,0,0,0,0,0,0,0
17,1,23709,17,1,2,2,200,14,366,0,0,0,0,0,0,0,0,0,0,0,0
19,1,7016,4,5,2,2,200,14,366,0,0,0,0,0,0,0,0,0,0,0,0
18,1,25152,20,3,2,2,200,14,366,0,0,0,0,0,0,0,0,0,0,0,0
21,1,20057,15,6,2,1,200,14,366,0,0,0,0,0,0,0,0,0,0,0,0
21,1,13465,10,6,2,2,200,14,366,0,0,0,0,0,0,0,0,0,0,0,0
21,1,7849,6,6,2,2,200,14,366,0,0,0,0,0,0,0,0,0,0,0,0
2,3,7265,4,7,2,2,200,14,366,0,0,0,0,0,0,0,0,0,0,0,0
3,3,20362,16,1,2,2,200,14,366,0,0,0,0,0,0,0,0,0,0,0,0
4,3,13264,11,3,2,2,200,14,366,1,1,1,1,1,1,1,1,1,1,1,1
4,3,4320,2,3,2,2,200,14,366,0,0,0,0,0,0,0,0,0,0,0,0
5,3,4727,2,5,2,2,200,14,366,0,0,0,0,0,0,0,0,0,0,0,0
7,3,4130,1,6,2,2,200,14,366,0,0,0,0,0,0,0,0,0,0,0,0
7,3,14818,11,6,2,2,200,14,366,0,0,0,0,0,0,0,0,0,0,0,0
8,2,4005,1,4,2,2,200,14,366,0,0,0,0,0,0,0,0,0,0,0,0
12,2,16409,12,5,2,1,200,14,366,0,0,0,0,0,0,0,0,0,0,0,0
13,2,13348,10,2,2,2,200,14,366,0,0,0,0,0,0,0,0,0,0,0,0
14,2,7059,3,6,2,2,200,14,366,0,0,0,0,0,0,0,0,0,0,0,0
15,1,9461,6,4,2,2,200,14,366,0,0,0,0,0,0,0,0,0,0,0,0
14,2,28819,20,6,2,2,200,14,366,0,0,0,0,0,0,0,0,0,0,0,0
17,1,19918,15,1,2,2,200,14,366,0,0,0,0,0,0,0,0,0,0,0,0
19,1,7033,4,5,2,2,200,14,366,0,0,0,0,0,0,0,0,0,0,0,0
19,1,15625,10,5,2,2,200,14,366,0,0,0,0,0,0,0,0,0,0,0,0
20,1,22639,18,2,2,2,200,14,366,0,0,0,0,0,0,0,0,0,0,0,0
20,1,20079,16,2,2,2,200,14,366,0,0,0,0,0,0,0,0,0,0,0,0
21,1,17898,14,6,2,2,200,14,366,0,0,0,0,0,0,0,0,0,0,0,0
21,1,26762,20,6,2,2,200,14,366,0,0,0,0,0,0,0,0,0,0,0,0
1,3,8725,7,4,2,1,200,14,366,0,0,0,0,0,0,0,0,0,0,0,0
1,3,22581,17,4,2,2,200,14,366,0,0,0,0,0,0,0,0,0,0,0,0
2,3,12290,9,7,2,2,200,14,366,0,0,0,0,0,0,0,0,0,0,0,0
2,3,5074,2,7,2,2,200,14,366,0,0,0,0,0,0,0,0,0,0,0,0
5,3,16440,11,5,2,2,200,14,366,0,0,0,0,0,0,0,0,0,0,0,0
5,3,28456,18,5,2,2,200,14,366,0,0,0,0,0,0,0,0,0,0,0,0
6,3,23397,17,2,2,2,200,14,366,0,0,0,0,0,0,0,0,0,0,0,0
7,3,16019,12,6,2,2,200,14,366,0,0,0,0,0,0,0,0,0,0,0,0
7,3,14595,11,6,2,2,200,14,366,0,0,0,0,0,0,0,0,0,0,0,0
8,2,4598,2,4,2,2,200,14,366,0,0,0,0,0,0,0,0,0,0,0,0
10,2,15534,13,1,2,2,200,14,366,0,0,0,0,0,0,0,0,0,0,0,0
11,2,6795,5,3,2,2,200,14,366,0,0,0,0,0,0,0,0,0,0,0,0
15,1,16694,13,4,2,1,200,14,366,0,0,0,0,0,0,0,0,0,0,0,0
16,1,11159,7,7,2,2,200,14,366,0,0,0,0,0,0,0,0,0,0,0,0
17,1,8543,6,1,2,2,200,14,366,0,0,0,0,0,0,0,0,0,0,0,0
17,1,6799,4,1,2,1,200,14,366,0,0,0,0,0,0,0,0,0,0,0,0
17,1,26447,19,1,2,2,200,14,366,0,0,0,0,0,0,0,0,0,0,0,0
18,1,15378,13,3,2,2,200,14,366,0,0,0,0,0,0,0,0,0,0,0,0
19,1,4186,1,5,2,2,200,14,366,0,0,0,0,0,0,0,0,0,0,0,0
18,1,24706,20,3,2,2,200,14,366,0,0,0,0,0,0,0,0,0,0,0,0
21,1,4363,1,6,2,2,200,14,366,0,0,0,0,0,0,0,0,0,0,0,0
20,1,23376,18,2,2,2,200,14,366,0,0,0,0,0,0,0,0,0,0,0,0
20,1,17984,14,2,2,2,200,14,366,0,0,0,0,0,0,0,0,0,0,0,0
21,1,6395,4,6,2,2,200,14,366,0,0,0,0,0,0,0,0,0,0,0,0
1,3,5734,3,4,2,2,200,14,366,0,0,0,0,0,0,0,0,0,0,0,0
1,3,16886,14,4,2,2,200,14,366,0,0,0,0,0,0,0,0,0,0,0,0
3,3,16956,14,1,2,2,200,14,366,0,0,0,0,0,0,0,0,0,0,0,0
4,3,13314,11,3,2,2,200,14,366,0,0,0,0,0,0,0,0,0,0,0,0
4,3,7010,6,3,2,2,200,14,366,0,0,0,0,0,0,0,0,0,0,0,0
5,3,18073,12,5,2,2,200,14,366,0,0,0,0,0,0,0,0,0,0,0,0
5,3,31017,20,5,2,2,200,14,366,0,0,0,0,0,0,0,0,0,0,0,0
6,3,12758,9,2,2,2,200,14,366,0,0,0,0,0,0,0,0,0,0,0,0
9,2,9533,5,7,2,2,200,14,366,0,0,0,0,0,0,0,0,0,0,0,0
10,2,20527,16,1,2,2,200,14,366,0,0,0,0,0,0,0,0,0,0,0,0
12,2,14235,11,5,2,2,200,14,366,0,0,0,0,0,0,0,0,0,0,0,0
13,2,14742,11,2,2,2,200,14,366,0,0,0,0,0,0,0,0,0,0,0,0
13,2,14646,11,2,2,2,200,14,366,0,0,0,0,0,0,0,0,0,0,0,0
13,2,5334,2,2,2,2,200,14,366,0,0,0,0,0,0,0,0,0,0,0,0
15,1,10775,8,4,2,2,200,14,366,0,0,0,0,0,0,0,0,0,0,0,0
15,1,10343,7,4,2,2,200,14,366,0,0,0,0,0,0,0,0,0,0,0,0
15,1,19223,15,4,2,2,200,14,366,0,0,0,0,0,0,0,0,0,0,0,0
16,1,14504,10,7,2,2,200,14,366,0,0,0,0,0,0,0,0,0,0,0,0
16,1,9672,7,7,2,2,200,14,366,0,0,0,0,0,0,0,0,0,0,0,0
16,1,5864,3,7,2,2,200,14,366,0,0,0,0,0,0,0,0,0,0,0,0
17,1,4352,1,1,2,2,200,14,366,0,0,0,0,0,0,0,0,0,0,0,0
16,1,23288,17,7,2,2,200,14,366,0,0,0,0,0,0,0,0,0,0,0,0
16,1,22584,16,7,2,2,200,14,366,0,0,0,0,0,0,0,0,0,0,0,0
17,1,12208,9,1,2,2,200,14,366,0,0,0,0,0,0,0,0,0,0,0,0
17,1,11744,9,1,2,2,200,14,366,0,0,0,0,0,0,0,0,0,0,0,0
19,1,10587,7,5,2,2,200,14,366,0,0,0,0,0,0,0,0,0,0,0,0
19,1,8219,5,5,2,2,200,14,366,0,0,0,0,0,0,0,0,0,0,0,0
19,1,28763,19,5,2,2,200,14,366,0,0,0,0,0,0,0,0,0,0,0,0
21,1,1740,22,5,2,2,200,14,366,0,0,0,0,0,0,0,0,0,0,0,0
20,1,18305,14,2,2,2,200,14,366,0,0,0,0,0,0,0,0,0,0,0,0
20,1,18161,14,2,2,2,200,14,366,0,0,0,0,0,0,0,0,0,0,0,0
1,3,3239,0,4,2,2,200,14,366,0,0,0,0,0,0,0,0,0,0,0,0
2,3,9492,6,7,2,2,200,14,366,0,0,0,0,0,0,0,0,0,0,0,0
2,3,9380,6,7,2,2,200,14,366,0,0,0,0,0,0,0,0,0,0,0,0
2,3,6020,3,7,2,2,200,14,366,0,0,0,0,0,0,0,0,0,0,0,0
3,3,18653,15,1,2,2,200,14,366,0,0,0,0,0,0,0,0,0,0,0,0
3,3,10413,9,1,2,2,200,14,366,0,0,0,0,0,0,0,0,0,0,0,0
4,3,22451,18,3,2,2,200,14,366,0,0,0,0,0,0,0,0,0,0,0,0
5,3,29578,19,5,2,2,200,14,366,0,0,0,0,0,0,0,0,0,0,0,0
6,3,6599,4,2,2,2,200,14,366,0,0,0,0,0,0,0,0,0,0,0,0
7,3,4181,1,6,2,2,200,14,366,0,0,0,0,0,0,0,0,0,0,0,0
6,3,28039,20,2,2,2,200,14,366,0,0,0,0,0,0,0,0,0,0,0,0
7,3,18533,14,6,2,2,200,14,366,0,0,0,0,0,0,0,0,0,0,0,0
7,3,9205,5,6,2,2,200,14,366,0,0,0,0,0,0,0,0,0,0,0,0
8,2,20120,16,4,2,2,200,14,366,0,0,0,0,0,0,0,0,0,0,0,0
8,2,17192,14,4,2,2,200,14,366,0,0,0,0,0,0,0,0,0,0,0,0
8,2,15928,13,4,2,2,200,14,366,0,0,0,0,0,0,0,0,0,0,0,0
9,2,11294,7,7,2,2,200,14,366,0,0,0,0,0,0,0,0,0,0,0,0
9,2,7758,4,7,2,2,200,14,366,0,0,0,0,0,0,0,0,0,0,0,0
11,2,15565,14,3,2,2,200,14,366,0,0,0,0,0,0,0,0,0,0,0,0
12,2,1420,22,4,2,2,200,14,366,0,0,0,0,0,0,0,0,0,0,0,0
12,2,17788,13,5,2,1,200,14,366,0,0,0,0,0,0,0,0,0,0,0,0
14,2,24950,17,6,2,2,200,14,366,0,0,0,0,0,0,0,0,0,0,0,0
15,1,18968,14,4,2,2,200,14,366,0,0,0,0,0,0,0,0,0,0,0,0
16,1,24553,18,7,2,2,200,14,366,0,0,0,0,0,0,0,0,0,0,0,0
16,1,20745,15,7,2,2,200,14,366,0,0,0,0,0,0,0,0,0,0,0,0
17,1,28465,20,1,2,2,200,14,366,0,0,0,0,0,0,0,0,0,0,0,0
20,1,24738,19,2,2,2,200,14,366,0,0,0,0,0,0,0,0,0,0,0,0
21,1,26909,20,6,2,2,200,14,366,0,0,0,0,0,0,0,0,0,0,0,0
