1,3,12721,10,4,2,2,200,13,596,0,0,0,0,0,0,0,0,0,0,0,0
1,3,12049,10,4,2,2,200,13,596,0,0,0,0,0,0,0,0,0,0,0,0
1,3,11681,9,4,2,2,200,13,596,0,0,0,0,0,0,0,0,0,0,0,0
1,3,11121,9,4,2,2,200,13,596,0,0,0,0,0,0,0,0,0,0,0,0
1,3,10513,9,4,2,2,200,13,596,0,0,0,0,0,0,0,0,0,0,0,0
1,3,9025,7,4,2,2,200,13,596,0,0,0,0,0,0,0,0,0,0,0,0
1,3,8769,7,4,2,2,200,13,596,0,0,0,0,0,0,0,0,0,0,0,0
1,3,8001,6,4,2,2,200,13,596,0,0,0,0,0,0,0,0,0,0,0,0
1,3,2993,23,3,2,2,200,13,596,0,0,0,0,0,0,0,0,0,0,0,0
1,3,305,21,3,2,2,200,13,596,0,0,0,0,0,0,0,0,0,0,0,0
2,3,3230,0,7,2,2,200,13,596,0,0,0,0,0,0,0,0,0,0,0,0
2,3,3038,0,7,2,1,200,13,596,0,0,0,0,0,0,0,0,0,0,0,0
1,3,24305,18,4,2,2,200,13,596,0,0,0,0,0,0,0,0,0,0,0,0
1,3,22465,17,4,2,2,200,13,596,0,0,0,0,0,0,0,0,0,0,0,0
1,3,19121,15,4,2,2,200,13,596,0,0,0,0,0,0,0,0,0,0,0,0
1,3,17441,14,4,2,1,200,13,596,0,0,0,0,0,0,0,0,0,0,0,0
1,3,16177,13,4,2,2,200,13,596,0,0,0,0,0,0,0,0,0,0,0,0
2,3,19246,15,7,2,2,200,13,596,0,0,0,0,0,0,0,0,0,0,0,0
2,3,15390,12,7,2,2,200,13,596,0,0,0,0,0,0,0,0,0,0,0,0
2,3,12318,9,7,2,2,200,13,596,0,0,0,0,0,0,0,0,0,0,0,0
3,3,2967,0,1,2,2,200,13,596,0,0,0,0,0,0,0,0,0,0,0,0
3,3,19143,15,1,2,2,200,13,596,0,0,0,0,0,0,0,0,0,0,0,0
3,3,13095,11,1,2,2,200,13,596,0,0,0,0,0,0,0,0,0,0,0,0
4,3,10717,9,3,2,2,200,13,596,0,0,0,0,0,0,0,0,0,0,0,0
4,3,8877,7,3,2,2,200,13,596,0,0,0,0,0,0,0,0,0,0,0,0
5,3,2164,23,4,2,2,200,13,596,0,0,0,0,0,0,0,0,0,0,0,0
4,3,20093,16,3,2,2,200,13,596,0,0,0,0,0,0,0,0,0,0,0,0
5,3,11844,8,5,2,2,200,13,596,0,0,0,0,0,0,0,0,0,0,0,0
5,3,11732,8,5,2,2,200,13,596,0,0,0,0,0,0,0,0,0,0,0,0
5,3,11364,8,5,2,2,200,13,596,0,0,0,0,0,0,0,0,0,0,0,0
5,3,11300,8,5,2,2,200,13,596,0,0,0,0,0,0,0,0,0,0,0,0
6,3,4705,1,2,2,2,200,13,596,0,0,0,0,0,0,0,0,0,0,0,0
6,3,3857,0,2,2,2,200,13,596,0,0,0,0,0,0,0,0,0,0,0,0
6,3,1521,22,1,2,2,200,13,596,0,0,0,0,0,0,0,0,0,0,0,0
6,3,12817,9,2,2,2,200,13,596,0,0,0,0,0,0,0,0,0,0,0,0
6,3,8337,5,2,2,2,200,13,596,0,0,0,0,0,0,0,0,0,0,0,0
7,3,8319,5,6,2,1,200,13,596,0,0,0,0,0,0,0,0,0,0,0,0
7,3,5903,2,6,2,2,200,13,596,0,0,0,0,0,0,0,0,0,0,0,0
7,3,735,21,5,2,2,200,13,596,0,0,0,0,0,0,0,0,0,0,0,0
7,3,23727,17,6,2,2,200,13,596,0,0,0,0,0,0,0,0,0,0,0,0
7,3,15871,12,6,2,2,200,13,596,0,0,0,0,0,0,0,0,0,0,0,0
8,2,6418,5,4,2,2,200,13,596,0,0,0,0,0,0,0,0,0,0,0,0
8,2,5970,4,4,2,2,200,13,596,0,0,0,0,0,0,0,0,0,0,0,0
8,2,3602,0,4,2,2,200,13,596,0,0,0,0,0,0,0,0,0,0,0,0
8,2,1746,22,3,2,2,200,13,596,0,0,0,0,0,0,0,0,0,0,0,0
9,2,1560,21,6,2,2,200,13,596,0,0,0,0,0,0,0,0,0,0,0,0
9,2,1384,21,6,2,2,200,13,596,0,0,0,0,0,0,0,0,0,0,0,0
8,2,15554,13,4,2,1,200,13,596,0,0,0,0,0,0,0,0,0,0,0,0
9,2,9896,6,7,2,2,200,13,596,0,0,0,0,0,0,0,0,0,0,0,0
9,2,5240,1,7,2,2,200,13,596,0,0,0,0,0,0,0,0,0,0,0,0
9,2,29224,20,7,2,2,200,13,596,0,0,0,0,0,0,0,0,0,0,0,0
9,2,27528,19,7,2,2,200,13,596,0,0,0,0,0,0,0,0,0,0,0,0
9,2,20776,14,7,2,2,200,13,596,0,0,0,0,0,0,0,0,0,0,0,0
9,2,18440,13,7,2,2,200,13,596,0,0,0,0,0,0,0,0,0,0,0,0
9,2,18088,12,7,2,2,200,13,596,0,0,0,0,0,0,0,0,0,0,0,0
10,2,15034,13,1,2,2,200,13,596,0,0,0,0,0,0,0,0,0,0,0,0
10,2,4954,4,1,2,2,200,13,596,0,0,0,0,0,0,0,0,0,0,0,0
11,2,1223,22,2,2,2,200,13,596,0,0,0,0,0,0,0,0,0,0,0,0
11,2,17783,15,3,2,2,200,13,596,0,0,0,0,0,0,0,0,0,0,0,0
11,2,11767,11,3,2,2,200,13,596,0,0,0,0,0,0,0,0,0,0,0,0
11,2,11671,11,3,2,2,200,13,596,0,0,0,0,0,0,0,0,0,0,0,0
12,2,7526,5,5,2,2,200,13,596,0,0,0,0,0,0,0,0,0,0,0,0
12,2,26310,19,5,2,2,200,13,596,0,0,0,0,0,0,0,0,0,0,0,0
12,2,23814,17,5,2,1,200,13,596,0,0,0,0,0,0,0,0,0,0,0,0
12,2,23734,17,5,2,2,200,13,596,0,0,0,0,0,0,0,0,0,0,0,0
12,2,21446,15,5,2,2,200,13,596,0,0,0,0,0,0,0,0,0,0,0,0
13,2,19217,14,2,2,2,200,13,596,0,0,0,0,0,0,0,0,0,0,0,0
13,2,10961,8,2,2,2,200,13,596,0,0,0,0,0,0,0,0,0,0,0,0
14,2,6800,3,6,2,2,200,13,596,0,0,0,0,0,0,0,0,0,0,0,0
14,2,4224,1,6,2,2,200,13,596,0,0,0,0,0,0,0,0,0,0,0,0
13,2,21505,16,2,2,2,200,13,596,0,0,0,0,0,0,0,0,0,0,0,0
14,2,18560,13,6,2,2,200,13,596,0,0,0,0,0,0,0,0,0,0,0,0
15,1,4034,0,4,2,2,200,13,596,0,0,0,0,0,0,0,0,0,0,0,0
14,2,25328,18,6,2,2,200,13,596,0,0,0,0,0,0,0,0,0,0,0,0
15,1,26130,20,4,2,2,200,13,596,0,0,0,0,0,0,0,0,0,0,0,0
15,1,16930,13,4,2,2,200,13,596,0,0,0,0,0,0,0,0,0,0,0,0
15,1,11442,8,4,2,2,200,13,596,0,0,0,0,0,0,0,0,0,0,0,0
16,1,14211,10,7,2,1,200,13,596,0,0,0,0,0,0,0,0,0,0,0,0
16,1,14131,10,7,2,1,200,13,596,0,0,0,0,0,0,0,0,0,0,0,0
16,1,2067,22,6,2,2,200,13,596,0,0,0,0,0,0,0,0,0,0,0,0
17,1,2491,23,7,2,2,200,13,596,0,0,0,0,0,0,0,0,0,0,0,0
16,1,26195,19,7,2,2,200,13,596,0,0,0,0,0,0,0,0,0,0,0,0
16,1,25283,19,7,2,2,200,13,596,0,0,0,0,0,0,0,0,0,0,0,0
16,1,23251,17,7,2,2,200,13,596,0,0,0,0,0,0,0,0,0,0,0,0
16,1,18563,13,7,2,2,200,13,596,0,0,0,0,0,0,0,0,0,0,0,0
17,1,16955,13,1,2,2,200,13,596,0,0,0,0,0,0,0,0,0,0,0,0
17,1,12875,10,1,2,2,200,13,596,0,0,0,0,0,0,0,0,0,0,0,0
17,1,5067,2,1,2,2,200,13,596,0,0,0,0,0,0,0,0,0,0,0,0
18,1,8062,7,3,2,2,200,13,596,0,0,0,0,0,0,0,0,0,0,0,0
18,1,5262,4,3,2,2,200,13,596,0,0,0,0,0,0,0,0,0,0,0,0
18,1,2382,23,2,2,2,200,13,596,0,0,0,0,0,0,0,0,0,0,0,0
17,1,21691,16,1,2,2,200,13,596,0,0,0,0,0,0,0,0,0,0,0,0
18,1,9614,8,3,2,2,200,13,596,0,0,0,0,0,0,0,0,0,0,0,0
18,1,9342,8,3,2,2,200,13,596,0,0,0,0,0,0,0,0,0,0,0,0
19,1,6166,3,5,2,2,200,13,596,0,0,0,0,0,0,0,0,0,0,0,0
19,1,4358,1,5,2,2,200,13,596,0,0,0,0,0,0,0,0,0,0,0,0
19,1,25734,17,5,2,2,200,13,596,0,0,0,0,0,0,0,0,0,0,0,0
19,1,25558,17,5,2,2,200,13,596,0,0,0,0,0,0,0,0,0,0,0,0
19,1,19526,13,5,2,2,200,13,596,0,0,0,0,0,0,0,0,0,0,0,0
19,1,17766,12,5,2,2,200,13,596,0,0,0,0,0,0,0,0,0,0,0,0
21,1,4743,2,6,2,2,200,13,596,0,0,0,0,0,0,0,0,0,0,0,0
21,1,3175,23,5,2,1,200,13,596,0,0,0,0,0,0,0,0,0,0,0,0
21,1,2759,23,5,2,2,200,13,596,0,0,0,0,0,0,0,0,0,0,0,0
20,1,24748,19,2,2,1,200,13,596,0,0,0,0,0,0,0,0,0,0,0,0
20,1,21676,17,2,2,2,200,13,596,0,0,0,0,0,0,0,0,0,0,0,0
20,1,19100,15,2,2,2,200,13,596,0,0,0,0,0,0,0,0,0,0,0,0
21,1,19175,14,6,2,2,200,13,596,0,0,0,0,0,0,0,0,0,0,0,0
21,1,18487,14,6,2,2,200,13,596,0,0,0,0,0,0,0,0,0,0,0,0
21,1,17287,13,6,2,2,200,13,596,0,0,0,0,0,0,0,0,0,0,0,0
21,1,10519,8,6,2,2,200,13,596,0,0,0,0,0,0,0,0,0,0,0,0
21,1,8791,7,6,2,1,200,13,596,0,0,0,0,0,0,0,0,0,0,0,0
21,1,6295,4,6,2,2,200,13,596,0,0,0,0,0,0,0,0,0,0,0,0
1,3,15170,12,4,2,2,200,13,596,0,0,0,0,0,0,0,0,0,0,0,0
2,3,2207,23,6,2,2,200,13,596,0,0,0,0,0,0,0,0,0,0,0,0
1,3,24274,18,4,2,2,200,13,596,0,0,0,0,0,0,0,0,0,0,0,0
1,3,19762,16,4,2,2,200,13,596,0,0,0,0,0,0,0,0,0,0,0,0
2,3,17359,13,7,2,2,200,13,596,0,0,0,0,0,0,0,0,0,0,0,0
2,3,15983,12,7,2,2,200,13,596,0,0,0,0,0,0,0,0,0,0,0,0
2,3,15295,11,7,2,2,200,13,596,0,0,0,0,0,0,0,0,0,0,0,0
2,3,10927,7,7,2,2,200,13,596,0,0,0,0,0,0,0,0,0,0,0,0
2,3,9471,6,7,2,2,200,13,596,0,0,0,0,0,0,0,0,0,0,0,0
3,3,7928,6,1,2,2,200,13,596,0,0,0,0,0,0,0,0,0,0,0,0
3,3,8,21,7,2,2,200,13,596,0,0,0,0,0,0,0,0,0,0,0,0
2,3,26175,19,7,2,2,200,13,596,0,0,0,0,0,0,0,0,0,0,0,0
2,3,25423,18,7,2,2,200,13,596,0,0,0,0,0,0,0,0,0,0,0,0
3,3,23704,19,1,2,2,200,13,596,0,0,0,0,0,0,0,0,0,0,0,0
3,3,9208,8,1,2,2,200,13,596,0,0,0,0,0,0,0,0,0,0,0,0
4,3,13118,11,3,2,2,200,13,596,0,0,0,0,0,0,0,0,0,0,0,0
4,3,12846,11,3,2,2,200,13,596,0,0,0,0,0,0,0,0,0,0,0,0
4,3,11534,9,3,2,2,200,13,596,0,0,0,0,0,0,0,0,0,0,0,0
4,3,6462,5,3,2,2,200,13,596,0,0,0,0,0,0,0,0,0,0,0,0
4,3,2494,0,3,2,2,200,13,596,0,0,0,0,0,0,0,0,0,0,0,0
4,3,19374,16,3,2,2,200,13,596,0,0,0,0,0,0,0,0,0,0,0,0
4,3,18174,15,3,2,2,200,13,596,0,0,0,0,0,0,0,0,0,0,0,0
4,3,16222,13,3,2,2,200,13,596,0,0,0,0,0,0,0,0,0,0,0,0
5,3,16085,10,5,2,2,200,13,596,0,0,0,0,0,0,0,0,0,0,0,0
5,3,15749,10,5,2,2,200,13,596,0,0,0,0,0,0,0,0,0,0,0,0
5,3,12533,8,5,2,2,200,13,596,0,0,0,0,0,0,0,0,0,0,0,0
5,3,12245,8,5,2,2,200,13,596,0,0,0,0,0,0,0,0,0,0,0,0
5,3,7317,5,5,2,2,200,13,596,0,0,0,0,0,0,0,0,0,0,0,0
5,3,27573,18,5,2,2,200,13,596,0,0,0,0,0,0,0,0,0,0,0,0
5,3,26405,17,5,2,2,200,13,596,0,0,0,0,0,0,0,0,0,0,0,0
6,3,19154,14,2,2,2,200,13,596,0,0,0,0,0,0,0,0,0,0,0,0
6,3,15090,11,2,2,2,200,13,596,0,0,0,0,0,0,0,0,0,0,0,0
7,3,4672,1,6,2,2,200,13,596,0,0,0,0,0,0,0,0,0,0,0,0
7,3,4640,1,6,2,2,200,13,596,0,0,0,0,0,0,0,0,0,0,0,0
7,3,4560,1,6,2,2,200,13,596,0,0,0,0,0,0,0,0,0,0,0,0
6,3,27874,20,2,2,1,200,13,596,0,0,0,0,0,0,0,0,0,0,0,0
6,3,27842,20,2,2,2,200,13,596,0,0,0,0,0,0,0,0,0,0,0,0
6,3,26498,19,2,2,2,200,13,596,0,0,0,0,0,0,0,0,0,0,0,0
7,3,10704,7,6,2,1,200,13,596,0,0,0,0,0,0,0,0,0,0,0,0
8,2,9779,8,4,2,2,200,13,596,0,0,0,0,0,0,0,0,0,0,0,0
8,2,7667,6,4,2,2,200,13,596,0,0,0,0,0,0,0,0,0,0,0,0
8,2,7395,6,4,2,2,200,13,596,0,0,0,0,0,0,0,0,0,0,0,0
8,2,5059,3,4,2,2,200,13,596,0,1,0,0,0,0,1,1,1,1,1,0
8,2,4947,3,4,2,2,200,13,596,0,0,0,0,0,0,0,0,0,0,0,0
7,3,26528,19,6,2,2,200,13,596,0,0,0,0,0,0,0,0,0,0,0,0
8,2,19187,16,4,2,2,200,13,596,0,0,0,0,0,0,0,0,0,0,0,0
8,2,13747,12,4,2,2,200,13,596,0,0,0,0,0,0,0,0,0,0,0,0
9,2,16041,11,7,2,2,200,13,596,0,0,0,0,0,0,0,0,0,0,0,0
9,2,11993,8,7,2,1,200,13,596,0,0,0,0,0,0,0,0,0,0,0,0
9,2,5241,1,7,2,2,200,13,596,0,0,0,0,0,0,0,0,0,0,0,0
10,2,1675,22,7,2,2,200,13,596,0,0,0,0,0,0,0,0,0,0,0,0
9,2,27257,19,7,2,2,200,13,596,0,0,0,0,0,0,0,0,0,0,0,0
9,2,22537,15,7,2,2,200,13,596,0,0,0,0,0,0,0,0,0,0,0,0
9,2,20761,14,7,2,2,200,13,596,0,0,0,0,0,0,0,0,0,0,0,0
9,2,20121,14,7,2,2,200,13,596,0,0,0,0,0,0,0,0,0,0,0,0
9,2,19033,13,7,2,2,200,13,596,0,0,0,0,0,0,0,0,0,0,0,0
10,2,16843,14,1,2,2,200,13,596,0,0,0,0,0,0,0,0,0,0,0,0
10,2,13323,12,1,2,1,200,13,596,0,0,0,0,0,0,0,0,0,0,0,0
10,2,7611,7,1,2,2,200,13,596,0,0,0,0,0,0,0,0,0,0,0,0
11,2,9928,9,3,2,2,200,13,596,0,0,0,0,0,0,0,0,0,0,0,0
11,2,2184,23,2,2,2,200,13,596,0,0,0,0,0,0,0,0,0,0,0,0
11,2,19224,16,3,2,2,200,13,596,0,0,0,0,0,0,0,0,0,0,0,0
11,2,18552,16,3,2,2,200,13,596,0,0,0,0,0,0,0,0,0,0,0,0
11,2,18024,15,3,2,2,200,13,596,0,0,0,0,0,0,0,0,0,0,0,0
11,2,17400,15,3,2,2,200,13,596,0,1,0,0,0,0,1,1,1,1,1,0
11,2,16184,14,3,2,2,200,13,596,0,0,0,0,0,0,0,0,0,0,0,0
12,2,8279,6,5,2,2,200,13,596,0,0,0,0,0,0,0,0,0,0,0,0
12,2,3111,0,5,2,2,200,13,596,0,0,0,0,0,0,0,0,0,0,0,0
13,2,18018,13,2,2,2,200,13,596,0,0,0,0,0,0,0,0,0,0,0,0
13,2,16770,13,2,2,2,200,13,596,0,0,0,0,0,0,0,0,0,0,0,0
13,2,16114,12,2,2,2,200,13,596,0,0,0,0,0,0,0,0,0,0,0,0
13,2,10146,7,2,2,2,200,13,596,0,0,0,0,0,0,0,0,0,0,0,0
13,2,8306,5,2,2,2,200,13,596,0,0,0,0,0,0,0,0,0,0,0,0
13,2,6562,4,2,2,2,200,13,596,0,0,0,0,0,0,0,0,0,0,0,0
13,2,4370,1,2,2,2,200,13,596,0,0,0,0,0,0,0,0,0,0,0,0
14,2,2593,23,5,2,2,200,13,596,0,0,0,0,0,0,0,0,0,0,0,0
14,2,977,21,5,2,2,200,13,596,0,0,0,0,0,0,0,0,0,0,0,0
13,2,23218,17,2,2,2,200,13,596,0,0,0,0,0,0,0,0,0,0,0,0
14,2,22753,16,6,2,2,200,13,596,0,0,0,0,0,0,0,0,0,0,0,0
14,2,22129,16,6,2,2,200,13,596,0,0,0,0,0,0,0,0,0,0,0,0
14,2,17713,13,6,2,2,200,13,596,0,0,0,0,0,0,0,0,0,0,0,0
14,2,16961,12,6,2,2,200,13,596,0,0,0,0,0,0,0,0,0,0,0,0
15,1,10835,8,4,2,2,200,13,596,0,0,0,0,0,0,0,0,0,0,0,0
15,1,8067,5,4,2,2,200,13,596,0,0,0,0,0,0,0,0,0,0,0,0
15,1,3459,23,3,2,2,200,13,596,0,0,0,0,0,0,0,0,0,0,0,0
15,1,18083,14,4,2,2,200,13,596,0,0,0,0,0,0,0,0,0,0,0,0
16,1,15940,11,7,2,2,200,13,596,0,0,0,0,0,0,0,0,0,0,0,0
16,1,2132,22,6,2,2,200,13,596,0,0,0,0,0,0,0,0,0,0,0,0
17,1,1020,21,7,2,2,200,13,596,0,0,0,0,0,0,0,0,0,0,0,0
16,1,19892,14,7,2,2,200,13,596,0,0,0,0,0,0,0,0,0,0,0,0
16,1,19844,14,7,2,2,200,13,596,0,0,0,0,0,0,0,0,0,0,0,0
16,1,17924,13,7,2,1,200,13,596,0,0,0,0,0,0,0,0,0,0,0,0
16,1,16932,12,7,2,2,200,13,596,0,0,0,0,0,0,0,0,0,0,0,0
17,1,7388,5,1,2,2,200,13,596,0,0,0,0,0,0,0,0,0,0,0,0
17,1,27452,20,1,2,2,200,13,596,0,0,0,0,0,0,0,0,0,0,0,0
17,1,26972,19,1,2,2,200,13,596,0,0,0,0,0,0,0,0,0,0,0,0
17,1,21532,16,1,2,2,200,13,596,0,0,0,0,0,0,0,0,0,0,0,0
17,1,21164,16,1,2,2,200,13,596,0,0,0,0,0,0,0,0,0,0,0,0
18,1,21887,18,3,2,1,200,13,596,0,0,0,0,0,0,0,0,0,0,0,0
18,1,15327,13,3,2,2,200,13,596,0,0,0,0,0,0,0,0,0,0,0,0
18,1,9551,8,3,2,2,200,13,596,0,0,0,0,0,0,0,0,0,0,0,0
19,1,13799,9,5,2,2,200,13,596,0,0,0,0,0,0,0,0,0,0,0,0
19,1,11623,7,5,2,2,200,13,596,0,0,0,0,0,0,0,0,0,0,0,0
19,1,4919,2,5,2,2,200,13,596,0,0,0,0,0,0,0,0,0,0,0,0
19,1,1847,22,4,2,2,200,13,596,0,0,0,0,0,0,0,0,0,0,0,0
20,1,15437,12,2,2,2,200,13,596,0,0,0,0,0,0,0,0,0,0,0,0
20,1,11901,9,2,2,2,200,13,596,0,0,0,0,0,0,0,0,0,0,0,0
20,1,10317,8,2,2,2,200,13,596,0,0,0,0,0,0,0,0,0,0,0,0
20,1,9565,7,2,2,2,200,13,596,0,0,0,0,0,0,0,0,0,0,0,0
20,1,3981,1,2,2,2,200,13,596,0,0,0,0,0,0,0,0,0,0,0,0
20,1,3821,1,2,2,1,200,13,596,0,0,0,0,0,0,0,0,0,0,0,0
20,1,3693,1,2,2,2,200,13,596,0,0,0,0,0,0,0,0,0,0,0,0
21,1,488,21,5,2,2,200,13,596,0,0,0,0,0,0,0,0,0,0,0,0
20,1,26237,20,2,2,2,200,13,596,0,0,0,0,0,0,0,0,0,0,0,0
21,1,20328,15,6,2,2,200,13,596,0,0,0,0,0,0,0,0,0,0,0,0
21,1,18760,14,6,2,2,200,13,596,0,0,0,0,0,0,0,0,0,0,0,0
21,1,16376,12,6,2,2,200,13,596,0,0,0,0,0,0,0,0,0,0,0,0
21,1,8856,7,6,2,2,200,13,596,0,0,0,0,0,0,0,0,0,0,0,0
21,1,23736,18,6,2,1,200,13,596,0,0,0,0,0,0,0,0,0,0,0,0
21,1,22056,17,6,2,2,200,13,596,0,0,0,0,0,0,0,0,0,0,0,0
1,3,15843,13,4,2,2,200,13,596,0,0,0,0,0,0,0,0,0,0,0,0
1,3,12451,10,4,2,2,200,13,596,0,0,0,0,0,0,0,0,0,0,0,0
1,3,8019,6,4,2,2,200,13,596,0,0,0,0,0,0,0,0,0,0,0,0
1,3,5875,3,4,2,1,200,13,596,0,0,0,0,0,0,0,0,0,0,0,0
1,3,5539,3,4,2,1,200,13,596,0,0,0,0,0,0,0,0,0,0,0,0
1,3,1923,22,3,2,2,200,13,596,0,0,0,0,0,0,0,0,0,0,0,0
1,3,1795,22,3,2,2,200,13,596,0,0,0,0,0,0,0,0,0,0,0,0
2,3,1344,22,6,2,2,200,13,596,0,0,0,0,0,0,0,0,0,0,0,0
1,3,22547,17,4,2,2,200,13,596,0,0,0,0,0,0,0,0,0,0,0,0
1,3,22083,17,4,2,2,200,13,596,0,0,0,0,0,0,0,0,0,0,0,0
2,3,12768,9,7,2,2,200,13,596,0,0,0,0,0,0,0,0,0,0,0,0
2,3,11088,8,7,2,2,200,13,596,0,0,0,0,0,0,0,0,0,0,0,0
3,3,8281,7,1,2,2,200,13,596,0,0,0,0,0,0,0,0,0,0,0,0
3,3,3737,0,1,2,2,200,13,596,0,0,0,0,0,0,0,0,0,0,0,0
3,3,729,21,7,2,2,200,13,596,0,0,0,0,0,0,0,0,0,0,0,0
2,3,23792,17,7,2,2,200,13,596,0,0,0,0,0,0,0,0,0,0,0,0
2,3,22912,17,7,2,2,200,13,596,0,0,0,0,0,0,0,0,0,0,0,0
2,3,22720,17,7,2,2,200,13,596,0,0,0,0,0,0,0,0,0,0,0,0
3,3,14409,12,1,2,2,200,13,596,0,0,0,0,0,0,0,0,0,0,0,0
4,3,3967,2,3,2,2,200,13,596,0,0,0,0,0,0,0,0,0,0,0,0
3,3,25977,20,1,2,2,200,13,596,0,0,0,0,0,0,0,0,0,0,0,0
5,3,14822,10,5,2,2,200,13,596,0,0,0,0,0,0,0,0,0,0,0,0
5,3,14742,9,5,2,2,200,13,596,0,0,0,0,0,0,0,0,0,0,0,0
5,3,12550,9,5,2,2,200,13,596,0,0,0,0,0,0,0,0,0,0,0,0
5,3,12374,8,5,2,2,200,13,596,0,0,0,0,0,0,0,0,0,0,0,0
5,3,6070,4,5,2,2,200,13,596,0,0,0,0,0,0,0,0,0,0,0,0
6,3,4819,1,2,2,2,200,13,596,0,0,0,0,0,0,0,0,0,0,0,0
6,3,3011,23,1,2,2,200,13,596,0,0,0,0,0,0,0,0,0,0,0,0
5,3,31382,20,5,2,2,200,13,596,0,0,0,0,0,0,0,0,0,0,0,0
5,3,27878,18,5,2,2,200,13,596,0,0,0,0,0,0,0,0,0,0,0,0
5,3,23414,15,5,2,2,200,13,596,0,0,0,0,0,0,0,0,0,0,0,0
5,3,22454,14,5,2,2,200,13,596,0,0,0,0,0,0,0,0,0,0,0,0
6,3,17603,13,2,2,2,200,13,596,0,0,0,0,0,0,0,0,0,0,0,0
6,3,17107,13,2,2,2,200,13,596,0,0,0,0,0,0,0,0,0,0,0,0
6,3,13507,10,2,2,2,200,13,596,0,0,0,0,0,0,0,0,0,0,0,0
6,3,5667,2,2,2,2,200,13,596,0,0,0,0,0,0,0,0,0,0,0,0
7,3,6401,3,6,2,2,200,13,596,0,0,0,0,0,0,0,0,0,0,0,0
7,3,5985,2,6,2,2,200,13,596,0,0,0,0,0,0,0,0,0,0,0,0
7,3,5393,2,6,2,2,200,13,596,0,0,0,0,0,0,0,0,0,0,0,0
7,3,4769,2,6,2,2,200,13,596,0,0,0,0,0,0,0,0,0,0,0,0
6,3,25539,18,2,2,2,200,13,596,0,0,0,0,0,0,0,0,0,0,0,0
7,3,22833,16,6,2,2,200,13,596,0,0,0,0,0,0,0,0,0,0,0,0
7,3,14161,10,6,2,2,200,13,596,0,0,0,0,0,0,0,0,0,0,0,0
7,3,14097,10,6,2,2,200,13,596,0,0,0,0,0,0,0,0,0,0,0,0
7,3,13089,9,6,2,2,200,13,596,0,0,0,0,0,0,0,0,0,0,0,0
7,3,12257,9,6,2,2,200,13,596,0,0,0,0,0,0,0,0,0,0,0,0
7,3,10433,7,6,2,2,200,13,596,0,0,0,0,0,0,0,0,0,0,0,0
8,2,9796,8,4,2,2,200,13,596,0,0,0,0,0,0,0,0,0,0,0,0
8,2,2500,23,3,2,2,200,13,596,0,0,0,0,0,0,0,0,0,0,0,0
8,2,1956,22,3,2,2,200,13,596,0,0,0,0,0,0,0,0,0,0,0,0
7,3,25265,18,6,2,2,200,13,596,0,0,0,0,0,0,0,0,0,0,0,0
8,2,15572,13,4,2,2,200,13,596,0,0,0,0,0,0,0,0,0,0,0,0
9,2,15578,11,7,2,2,200,13,596,0,0,0,0,0,0,0,0,0,0,0,0
9,2,25450,17,7,2,2,200,13,596,0,0,0,0,0,0,0,0,0,0,0,0
11,2,3689,1,3,2,2,200,13,596,0,0,0,0,0,0,0,0,0,0,0,0
10,2,21084,16,1,2,2,200,13,596,0,0,0,0,0,0,0,0,0,0,0,0
12,2,136,21,4,2,2,200,13,596,0,0,0,0,0,0,0,0,0,0,0,0
12,2,40,21,4,2,2,200,13,596,0,0,0,0,0,0,0,0,0,0,0,0
11,2,22137,18,3,2,2,200,13,596,0,0,0,0,0,0,0,0,0,0,0,0
11,2,20249,16,3,1,2,200,0,596,0,0,0,0,0,0,0,0,0,0,0,0
11,2,19001,16,3,2,2,200,13,596,0,0,0,0,0,0,0,0,0,0,0,0
11,2,18937,16,3,2,2,200,13,596,0,0,0,0,0,0,0,0,0,0,0,0
11,2,18905,16,3,2,2,200,13,596,0,0,0,0,0,0,0,0,0,0,0,0
11,2,18825,16,3,2,2,200,13,596,0,0,0,0,0,0,0,0,0,0,0,0
11,2,15145,14,3,2,2,200,13,596,0,0,0,0,0,0,0,0,0,0,0,0
11,2,13737,13,3,2,2,200,13,596,0,0,0,0,0,0,0,0,0,0,0,0
11,2,11193,10,3,2,2,200,13,596,0,0,0,0,0,0,0,0,0,0,0,0
12,2,14376,11,5,2,2,200,13,596,0,0,0,0,0,0,0,0,0,0,0,0
13,2,2339,23,1,2,1,200,13,596,0,0,0,0,0,0,0,0,0,0,0,0
12,2,22216,16,5,2,1,200,13,596,0,0,0,0,0,0,0,0,0,0,0,0
12,2,18600,13,5,2,2,200,13,596,0,0,0,0,0,0,0,0,0,0,0,0
12,2,18216,13,5,2,2,200,13,596,0,0,0,0,0,0,0,0,0,0,0,0
13,2,10211,7,2,2,2,200,13,596,0,0,0,0,0,0,0,0,0,0,0,0
13,2,9987,7,2,2,2,200,13,596,0,0,0,0,0,0,0,0,0,0,0,0
14,2,2722,23,5,2,2,200,13,596,0,0,0,0,0,0,0,0,0,0,0,0
14,2,2674,23,5,2,2,200,13,596,0,0,0,0,0,0,0,0,0,0,0,0
13,2,20963,15,2,2,2,200,13,596,0,0,0,0,0,0,0,0,0,0,0,0
14,2,23106,16,6,2,2,200,13,596,0,0,0,0,0,0,0,0,0,0,0,0
14,2,20370,15,6,2,2,200,13,596,0,0,0,0,0,0,0,0,0,0,0,0
14,2,18818,13,6,2,2,200,13,596,0,0,0,0,0,0,0,0,0,0,0,0
14,2,10722,7,6,2,2,200,13,596,0,0,0,0,0,0,0,0,0,0,0,0
15,1,10420,7,4,2,2,200,13,596,0,0,0,0,0,0,0,0,0,0,0,0
15,1,8644,6,4,2,2,200,13,596,0,0,0,0,0,0,0,0,0,0,0,0
15,1,2100,22,3,2,2,200,13,596,0,0,0,0,0,0,0,0,0,0,0,0
14,2,27090,19,6,2,2,200,13,596,0,0,0,0,0,0,0,0,0,0,0,0
14,2,27010,19,6,2,2,200,13,596,0,0,0,0,0,0,0,0,0,0,0,0
14,2,26978,19,6,2,2,200,13,596,0,0,0,0,0,0,0,0,0,0,0,0
14,2,26402,19,6,2,2,200,13,596,0,0,0,0,0,0,0,0,0,0,0,0
14,2,24642,17,6,2,2,200,13,596,0,0,0,0,0,0,0,0,0,0,0,0
15,1,22420,17,4,2,2,200,13,596,0,0,0,0,0,0,0,0,0,0,0,0
15,1,18356,14,4,2,2,200,13,596,0,0,0,0,0,0,0,0,0,0,0,0
15,1,13460,10,4,2,2,200,13,596,0,0,0,0,0,0,0,0,0,0,0,0
15,1,13284,10,4,2,2,200,13,596,0,0,0,0,0,0,0,0,0,0,0,0
15,1,13156,10,4,2,2,200,13,596,0,0,0,0,0,0,0,0,0,0,0,0
16,1,7061,4,7,2,2,200,13,596,0,0,0,0,0,0,0,0,0,0,0,0
16,1,4149,1,7,2,2,200,13,596,0,0,0,0,0,0,0,0,0,0,0,0
17,1,365,21,7,2,2,200,13,596,0,0,0,0,0,0,0,0,0,0,0,0
16,1,25461,19,7,2,2,200,13,596,0,0,0,0,0,0,0,0,0,0,0,0
16,1,22901,17,7,2,2,200,13,596,0,0,0,0,0,0,0,0,0,0,0,0
17,1,14845,11,1,2,2,200,13,596,0,0,0,0,0,0,0,0,0,0,0,0
17,1,11965,9,1,2,2,200,13,596,0,0,0,0,0,0,0,0,0,0,0,0
17,1,10893,8,1,2,1,200,13,596,0,0,0,0,0,0,0,0,0,0,0,0
17,1,27037,19,1,2,2,200,13,596,0,0,0,0,0,0,0,0,0,0,0,0
17,1,24621,18,1,2,2,200,13,596,0,0,0,0,0,0,0,0,0,0,0,0
17,1,22077,16,1,2,2,200,13,596,0,0,0,0,0,0,0,0,0,0,0,0
17,1,21725,16,1,2,2,200,13,596,0,0,0,0,0,0,0,0,0,0,0,0
18,1,21216,17,3,2,2,200,13,596,0,0,0,0,0,0,0,0,0,0,0,0
18,1,10864,9,3,2,2,200,13,596,0,0,0,0,0,0,0,0,0,0,0,0
18,1,10528,9,3,2,2,200,13,596,0,0,0,0,0,0,0,0,0,0,0,0
18,1,9280,8,3,2,2,200,13,596,0,0,0,0,0,0,0,0,0,0,0,0
19,1,13064,8,5,2,2,200,13,596,0,0,0,0,0,0,0,0,0,0,0,0
19,1,7960,5,5,2,2,200,13,596,0,0,0,0,0,0,0,0,0,0,0,0
19,1,6216,3,5,2,2,200,13,596,0,0,0,0,0,0,0,0,0,0,0,0
19,1,5000,2,5,2,2,200,13,596,0,0,0,0,0,0,0,0,0,0,0,0
19,1,29048,20,5,2,2,200,13,596,0,0,0,0,0,0,0,0,0,0,0,0
19,1,28936,20,5,2,2,200,13,596,0,0,0,0,0,0,0,0,0,0,0,0
19,1,23032,15,5,2,2,200,13,596,0,0,0,0,0,0,0,0,0,0,0,0
19,1,20856,14,5,2,2,200,13,596,0,0,0,0,0,0,0,0,0,0,0,0
19,1,16984,11,5,2,1,200,13,596,0,0,0,0,0,0,0,0,0,0,0,0
19,1,15736,10,5,2,2,200,13,596,0,0,0,0,0,0,0,0,0,0,0,0
20,1,11662,9,2,2,2,200,13,596,0,0,0,0,0,0,0,0,0,0,0,0
20,1,8878,7,2,2,2,200,13,596,0,0,0,0,0,0,0,0,0,0,0,0
20,1,3742,1,2,2,2,200,13,596,0,0,0,0,0,0,0,0,0,0,0,0
20,1,2366,23,1,2,2,200,13,596,0,0,0,0,0,0,0,0,0,0,0,0
20,1,574,21,1,2,2,200,13,596,0,0,0,0,0,0,0,0,0,0,0,0
21,1,4649,2,6,2,2,200,13,596,0,0,0,0,0,0,0,0,0,0,0,0
20,1,22766,18,2,2,2,200,13,596,0,0,0,0,0,0,0,0,0,0,0,0
21,1,18713,14,6,2,2,200,13,596,0,0,0,0,0,0,0,0,0,0,0,0
21,1,13481,10,6,2,2,200,13,596,0,0,0,0,0,0,0,0,0,0,0,0
21,1,9817,8,6,2,2,200,13,596,0,0,0,0,0,0,0,0,0,0,0,0
21,1,25385,19,6,2,2,200,13,596,0,0,0,0,0,0,0,0,0,0,0,0
1,3,5540,3,4,2,1,200,13,596,0,0,0,0,0,0,0,0,0,0,0,0
1,3,532,21,3,2,1,200,13,596,0,0,0,0,0,0,0,0,0,0,0,0
2,3,3553,1,7,2,2,200,13,596,0,0,0,0,0,0,0,0,0,0,0,0
2,3,2033,22,6,2,2,200,13,596,0,0,0,0,0,0,0,0,0,0,0,0
1,3,26068,20,4,2,2,200,13,596,0,0,0,0,0,0,0,0,0,0,0,0
2,3,8113,5,7,2,2,200,13,596,0,0,0,0,0,0,0,0,0,0,0,0
3,3,5802,4,1,2,2,200,13,596,0,0,0,0,0,0,0,0,0,0,0,0
3,3,810,21,7,2,2,200,13,596,0,0,0,0,0,0,0,0,0,0,0,0
2,3,27441,20,7,2,2,200,13,596,0,0,0,0,0,0,0,0,0,0,0,0
2,3,27393,20,7,2,2,200,13,596,0,0,0,0,0,0,0,0,0,0,0,0
2,3,25425,18,7,2,2,200,13,596,0,0,0,0,0,0,0,0,0,0,0,0
2,3,23297,17,7,2,2,200,13,596,0,0,0,0,0,0,0,0,0,0,0,0
3,3,22602,18,1,2,2,200,13,596,0,0,0,0,0,0,0,0,0,0,0,0
3,3,21002,17,1,2,2,200,13,596,0,0,0,0,0,0,0,0,0,0,0,0
3,3,15834,13,1,2,2,200,13,596,0,0,0,0,0,0,0,0,0,0,0,0
3,3,11226,10,1,2,2,200,13,596,0,0,0,0,0,0,0,0,0,0,0,0
4,3,7776,6,3,2,2,200,13,596,0,0,0,0,0,0,0,0,0,0,0,0
4,3,6880,6,3,2,2,200,13,596,0,0,0,0,0,0,0,0,0,0,0,0
4,3,1264,22,2,2,2,200,13,596,0,0,0,0,0,0,0,0,0,0,0,0
5,3,2247,23,4,2,2,200,13,596,0,0,0,0,0,0,0,0,0,0,0,0
5,3,2167,23,4,2,2,200,13,596,0,0,0,0,0,0,0,0,0,0,0,0
5,3,343,21,4,2,2,200,13,596,0,0,0,0,0,0,0,0,0,0,0,0
4,3,20480,17,3,2,2,200,13,596,0,0,0,0,0,0,0,0,0,0,0,0
4,3,20032,16,3,2,2,200,13,596,0,0,0,0,0,0,0,0,0,0,0,0
5,3,17399,11,5,2,2,200,13,596,0,0,0,0,0,0,0,0,0,0,0,0
5,3,12887,9,5,2,1,200,13,596,0,0,0,0,0,0,0,0,0,0,0,0
5,3,11559,8,5,2,2,200,13,596,0,0,0,0,0,0,0,0,0,0,0,0
5,3,7527,5,5,2,2,200,13,596,0,0,0,0,0,0,0,0,0,0,0,0
5,3,6903,4,5,2,1,200,13,596,0,0,0,0,0,0,0,0,0,0,0,0
5,3,27831,18,5,2,2,200,13,596,0,0,0,0,0,0,0,0,0,0,0,0
6,3,19012,14,2,2,2,200,13,596,0,0,0,0,0,0,0,0,0,0,0,0
6,3,14372,10,2,2,2,200,13,596,0,0,0,0,0,0,0,0,0,0,0,0
6,3,7860,5,2,2,2,200,13,596,0,0,0,0,0,0,0,0,0,0,0,0
7,3,8946,5,6,2,2,200,13,596,0,0,0,0,0,0,0,0,0,0,0,0
7,3,8242,5,6,2,2,200,13,596,0,0,0,0,0,0,0,0,0,0,0,0
7,3,6594,3,6,2,2,200,13,596,0,0,0,0,0,0,0,0,0,0,0,0
7,3,6306,3,6,2,2,200,13,596,0,0,0,0,0,0,0,0,0,0,0,0
7,3,6258,3,6,2,2,200,13,596,0,0,0,0,0,0,0,0,0,0,0,0
7,3,5442,2,6,2,2,200,13,596,0,0,0,0,0,0,0,0,0,0,0,0
7,3,5010,2,6,2,2,200,13,596,0,0,0,0,0,0,0,0,0,0,0,0
7,3,4882,2,6,2,2,200,13,596,0,0,0,0,0,0,0,0,0,0,0,0
7,3,3986,0,6,2,2,200,13,596,0,0,0,0,0,0,0,0,0,0,0,0
7,3,1794,22,5,2,2,200,13,596,0,0,0,0,0,0,0,0,0,0,0,0
6,3,26788,19,2,2,2,200,13,596,0,0,0,0,0,0,0,0,0,0,0,0
7,3,13538,10,6,2,2,200,13,596,0,0,0,0,0,0,0,0,0,0,0,0
7,3,9698,6,6,2,2,200,13,596,0,0,0,0,0,0,0,0,0,0,0,0
8,2,10405,9,4,2,2,200,13,596,0,0,0,0,0,0,0,0,0,0,0,0
8,2,5781,4,4,2,2,200,13,596,0,0,0,0,0,0,0,0,0,0,0,0
8,2,1365,22,3,2,2,200,13,596,0,0,0,0,0,0,0,0,0,0,0,0
8,2,21765,17,4,2,2,200,13,596,0,0,0,0,0,0,0,0,0,0,0,0
8,2,18901,16,4,2,1,200,13,596,0,0,0,0,0,0,0,0,0,0,0,0
8,2,12709,11,4,2,2,200,13,596,0,0,0,0,0,0,0,0,0,0,0,0
9,2,12875,8,7,2,2,200,13,596,0,0,0,0,0,0,0,0,0,0,0,0
9,2,11227,7,7,2,2,200,13,596,0,0,0,0,0,0,0,0,0,0,0,0
9,2,10091,6,7,2,2,200,13,596,0,0,0,0,0,0,0,0,0,0,0,0
9,2,6171,2,7,2,2,200,13,596,0,0,0,0,0,0,0,0,0,0,0,0
9,2,5643,2,7,2,2,200,13,596,0,0,0,0,0,0,0,0,0,0,0,0
10,2,2717,0,1,2,2,200,13,596,0,0,0,0,0,0,0,0,0,0,0,0
9,2,18187,12,7,2,2,200,13,596,0,0,0,0,0,0,0,0,0,0,0,0
10,2,18701,15,1,2,2,200,13,596,0,0,0,0,0,0,0,0,0,0,0,0
10,2,18477,15,1,2,2,200,13,596,0,0,0,0,0,0,0,0,0,0,0,0
10,2,17229,14,1,2,2,200,13,596,0,0,0,0,0,0,0,0,0,0,0,0
11,2,10090,9,3,2,2,200,13,596,0,0,0,0,0,0,0,0,0,0,0,0
10,2,26141,20,1,2,2,200,13,596,0,0,0,0,0,0,0,0,0,0,0,0
11,2,24682,20,3,2,2,200,13,596,0,0,0,0,0,0,0,0,0,0,0,0
11,2,21818,18,3,2,2,200,13,596,0,0,0,0,0,0,0,0,0,0,0,0
11,2,21258,17,3,2,2,200,13,596,0,0,0,0,0,0,0,0,0,0,0,0
11,2,18954,16,3,2,2,200,13,596,0,0,0,0,0,0,0,0,0,0,0,0
11,2,17162,15,3,2,2,200,13,596,0,0,0,0,0,0,0,0,0,0,0,0
12,2,12105,9,5,2,2,200,13,596,0,0,0,0,0,0,0,0,0,0,0,0
13,2,3716,0,2,2,2,200,13,596,0,0,0,0,0,0,0,0,0,0,0,0
13,2,820,21,1,2,1,200,13,596,0,0,0,0,0,0,0,0,0,0,0,0
12,2,28313,20,5,2,2,200,13,596,0,0,0,0,0,0,0,0,0,0,0,0
12,2,27657,20,5,2,2,200,13,596,0,0,0,0,0,0,0,0,0,0,0,0
12,2,17737,13,5,2,2,200,13,596,0,0,0,0,0,0,0,0,0,0,0,0
13,2,16164,12,2,2,2,200,13,596,0,0,0,0,0,0,0,0,0,0,0,0
13,2,14180,10,2,2,2,200,13,596,0,0,0,0,0,0,0,0,0,0,0,0
13,2,14036,10,2,2,2,200,13,596,0,0,0,0,0,0,0,0,0,0,0,0
13,2,13204,10,2,2,2,200,13,596,0,0,0,0,0,0,0,0,0,0,0,0
13,2,10756,8,2,2,2,200,13,596,0,0,0,0,0,0,0,0,0,0,0,0
14,2,8003,4,6,2,2,200,13,596,0,0,0,0,0,0,0,0,0,0,0,0
13,2,23092,17,2,2,2,200,13,596,0,0,0,0,0,0,0,0,0,0,0,0
13,2,22740,17,2,2,2,200,13,596,0,0,0,0,0,0,0,0,0,0,0,0
13,2,22404,17,2,2,2,200,13,596,0,0,0,0,0,0,0,0,0,0,0,0
13,2,21220,15,2,2,2,200,13,596,0,0,0,0,0,0,0,0,0,0,0,0
14,2,22275,16,6,2,2,200,13,596,0,0,0,0,0,0,0,0,0,0,0,0
14,2,15939,11,6,2,2,200,13,596,0,0,0,0,0,0,0,0,0,0,0,0
14,2,15555,11,6,2,2,200,13,596,0,0,0,0,0,0,0,0,0,0,0,0
14,2,14691,10,6,2,2,200,13,596,0,0,0,0,0,0,0,0,0,0,0,0
14,2,12691,9,6,2,2,200,13,596,0,0,0,0,0,0,0,0,0,0,0,0
15,1,9317,6,4,2,1,200,13,596,0,0,0,0,0,0,0,0,0,0,0,0
15,1,7813,5,4,2,2,200,13,596,0,0,0,0,0,0,0,0,0,0,0,0
15,1,7045,4,4,2,2,200,13,596,0,0,0,0,0,0,0,0,0,0,0,0
15,1,3125,23,3,2,2,200,13,596,0,0,0,0,0,0,0,0,0,0,0,0
15,1,2933,23,3,2,2,200,13,596,0,0,0,0,0,0,0,0,0,0,0,0
14,2,25171,18,6,2,2,200,13,596,0,0,0,0,0,0,0,0,0,0,0,0
15,1,20773,16,4,2,2,200,13,596,0,0,0,0,0,0,0,0,0,0,0,0
16,1,1670,22,6,2,2,200,13,596,0,0,0,0,0,0,0,0,0,0,0,0
17,1,1918,22,7,2,2,200,13,596,0,0,0,0,0,0,0,0,0,0,0,0
16,1,17430,12,7,2,2,200,13,596,0,0,0,0,0,0,0,0,0,0,0,0
17,1,18846,14,1,2,2,200,13,596,0,0,0,0,0,0,0,0,0,0,0,0
17,1,17982,14,1,2,2,200,13,596,0,0,0,0,0,0,0,0,0,0,0,0
17,1,10174,8,1,2,2,200,13,596,0,0,0,0,0,0,0,0,0,0,0,0
17,1,8862,6,1,2,2,200,13,596,0,0,0,0,0,0,0,0,0,0,0,0
17,1,25790,19,1,2,2,200,13,596,0,0,0,0,0,0,0,0,0,0,0,0
18,1,17889,15,3,2,2,200,13,596,0,0,0,0,0,0,0,0,0,0,0,0
18,1,9889,8,3,2,2,200,13,596,0,0,0,0,0,0,0,0,0,0,0,0
18,1,9857,8,3,2,2,200,13,596,0,0,0,0,0,0,0,0,0,0,0,0
18,1,8241,7,3,2,2,200,13,596,0,0,0,0,0,0,0,0,0,0,0,0
19,1,12169,8,5,2,2,200,13,596,0,0,0,0,0,0,0,0,0,0,0,0
19,1,9641,6,5,2,2,200,13,596,0,0,0,0,0,0,0,0,0,0,0,0
19,1,7289,4,5,2,2,200,13,596,0,0,0,0,0,0,0,0,0,0,0,0
19,1,6153,3,5,2,2,200,13,596,0,0,0,0,0,0,0,0,0,0,0,0
19,1,1017,21,4,2,2,200,13,596,0,0,0,0,0,0,0,0,0,0,0,0
19,1,28857,20,5,2,2,200,13,596,0,0,0,0,0,0,0,0,0,0,0,0
19,1,27593,18,5,2,2,200,13,596,0,0,0,0,0,0,0,0,0,0,0,0
19,1,20393,14,5,2,2,200,13,596,0,0,0,0,0,0,0,0,0,0,0,0
20,1,12623,10,2,2,2,200,13,596,0,0,0,0,0,0,0,0,0,0,0,0
20,1,11999,10,2,2,2,200,13,596,0,0,0,0,0,0,0,0,0,0,0,0
20,1,8223,6,2,2,2,200,13,596,0,0,0,0,0,0,0,0,0,0,0,0
20,1,575,21,1,2,2,200,13,596,0,0,0,0,0,0,0,0,0,0,0,0
21,1,410,21,5,2,2,200,13,596,0,0,0,0,0,0,0,0,0,0,0,0
20,1,26367,20,2,2,2,200,13,596,0,0,0,0,0,0,0,0,0,0,0,0
20,1,24367,19,2,2,1,200,13,596,0,0,0,0,0,0,0,0,0,0,0,0
20,1,19599,15,2,2,2,200,13,596,0,0,0,0,0,0,0,0,0,0,0,0
21,1,6714,5,6,2,2,200,13,596,0,0,0,0,0,0,0,0,0,0,0,0
21,1,23722,18,6,2,2,200,13,596,0,0,0,0,0,0,0,0,0,0,0,0
21,1,23546,18,6,2,2,200,13,596,0,0,0,0,0,0,0,0,0,0,0,0
21,1,22058,17,6,2,2,200,13,596,0,0,0,0,0,0,0,0,0,0,0,0
1,3,13013,11,4,2,2,200,13,596,0,0,0,0,0,0,0,0,0,0,0,0
1,3,8469,6,4,2,2,200,13,596,0,0,0,0,0,0,0,0,0,0,0,0
1,3,25989,20,4,2,2,200,13,596,0,0,0,0,0,0,0,0,0,0,0,0
1,3,25957,20,4,2,2,200,13,596,0,0,0,0,0,0,0,0,0,0,0,0
1,3,23861,18,4,2,2,200,13,596,0,0,0,0,0,0,0,0,0,0,0,0
1,3,22101,17,4,2,2,200,13,596,0,0,0,0,0,0,0,0,0,0,0,0
1,3,19845,16,4,2,2,200,13,596,0,0,0,0,0,0,0,0,0,0,0,0
2,3,19490,15,7,2,2,200,13,596,0,0,0,0,0,0,0,0,0,0,0,0
2,3,18082,14,7,2,1,200,13,596,0,0,0,0,0,0,0,0,0,0,0,0
2,3,17026,13,7,2,2,200,13,596,0,0,0,0,0,0,0,0,0,0,0,0
2,3,13778,10,7,2,2,200,13,596,0,0,0,0,0,0,0,0,0,0,0,0
2,3,12834,9,7,2,2,200,13,596,0,0,0,0,0,0,0,0,0,0,0,0
2,3,11266,8,7,2,2,200,13,596,0,0,0,0,0,0,0,0,0,0,0,0
2,3,7858,5,7,2,2,200,13,596,0,0,0,0,0,0,0,0,0,0,0,0
3,3,8299,7,1,2,2,200,13,596,0,0,0,0,0,0,0,0,0,0,0,0
3,3,3387,0,1,2,2,200,13,596,0,0,0,0,0,0,0,0,0,0,0,0
3,3,1275,22,7,2,2,200,13,596,0,0,0,0,0,0,0,0,0,0,0,0
2,3,25426,18,7,2,2,200,13,596,0,0,0,0,0,0,0,0,0,0,0,0
3,3,22811,18,1,2,2,200,13,596,0,0,0,0,0,0,0,0,0,0,0,0
3,3,21531,17,1,2,2,200,13,596,0,0,0,0,0,0,0,0,0,0,0,0
3,3,13435,11,1,2,2,200,13,596,0,0,0,0,0,0,0,0,0,0,0,0
3,3,9131,8,1,2,2,200,13,596,0,0,0,0,0,0,0,0,0,0,0,0
4,3,2257,23,2,2,2,200,13,596,0,0,0,0,0,0,0,0,0,0,0,0
4,3,209,21,2,2,2,200,13,596,0,0,0,0,0,0,0,0,0,0,0,0
5,3,680,21,4,2,2,200,13,596,0,0,0,0,0,0,0,0,0,0,0,0
5,3,11944,8,5,2,2,200,13,596,0,0,0,0,0,0,0,0,0,0,0,0
5,3,28248,18,5,2,2,200,13,596,0,0,0,0,0,0,0,0,0,0,0,0
5,3,26552,17,5,2,2,200,13,596,0,0,0,0,0,0,0,0,0,0,0,0
5,3,26184,17,5,2,2,200,13,596,0,0,0,0,0,0,0,0,0,0,0,0
6,3,18629,13,2,2,2,200,13,596,0,0,0,0,0,0,0,0,0,0,0,0
7,3,7523,4,6,2,2,200,13,596,0,0,0,0,0,0,0,0,0,0,0,0
7,3,5859,2,6,2,2,200,13,596,0,0,0,0,0,0,0,0,0,0,0,0
7,3,5731,2,6,2,2,200,13,596,0,0,0,0,0,0,0,0,0,0,0,0
7,3,2339,23,5,2,2,200,13,596,0,0,0,0,0,0,0,0,0,0,0,0
6,3,27765,20,2,2,2,200,13,596,0,0,0,0,0,0,0,0,0,0,0,0
6,3,22357,16,2,2,2,200,13,596,0,0,0,0,0,0,0,0,0,0,0,0
8,2,10342,9,4,2,2,200,13,596,0,0,0,0,0,0,0,0,0,0,0,0
8,2,1446,22,3,2,2,200,13,596,0,0,0,0,0,0,0,0,0,0,0,0
8,2,20102,16,4,2,1,200,13,596,0,0,0,0,0,0,0,0,0,0,0,0
8,2,13670,11,4,2,2,200,13,596,0,0,0,0,0,0,0,0,0,0,0,0
9,2,15084,10,7,2,1,200,13,596,0,0,0,0,0,0,0,0,0,0,0,0
9,2,13900,9,7,2,2,200,13,596,0,0,0,0,0,0,0,0,0,0,0,0
9,2,11964,8,7,2,2,200,13,596,0,0,0,0,0,0,0,0,0,0,0,0
9,2,3932,0,7,2,2,200,13,596,0,0,0,0,0,0,0,0,0,0,0,0
9,2,2732,22,6,2,2,200,13,596,0,0,0,0,0,0,0,0,0,0,0,0
10,2,3726,2,1,2,2,200,13,596,0,0,0,0,0,0,0,0,0,0,0,0
10,2,3150,1,1,2,2,200,13,596,0,0,0,0,0,0,0,0,0,0,0,0
10,2,974,21,7,2,2,200,13,596,0,0,0,0,0,0,0,0,0,0,0,0
9,2,29276,20,7,2,2,200,13,596,0,0,0,0,0,0,0,0,0,0,0,0
9,2,26588,18,7,2,2,200,13,596,0,0,0,0,0,0,0,0,0,0,0,0
9,2,26156,18,7,2,2,200,13,596,0,0,0,0,0,0,0,0,0,0,0,0
9,2,18460,13,7,2,2,200,13,596,0,0,0,0,0,0,0,0,0,0,0,0
10,2,19102,15,1,2,2,200,13,596,0,0,0,0,0,0,0,0,0,0,0,0
11,2,6107,4,3,2,2,200,13,596,0,0,0,0,0,0,0,0,0,0,0,0
11,2,2203,23,2,2,2,200,13,596,0,0,0,0,0,0,0,0,0,0,0,0
10,2,21454,17,1,2,2,200,13,596,0,0,0,0,0,0,0,0,0,0,0,0
10,2,21262,16,1,2,2,200,13,596,0,0,0,0,0,0,0,0,0,0,0,0
11,2,18907,16,3,2,2,200,13,596,0,0,0,0,0,0,0,0,0,0,0,0
11,2,17947,15,3,2,2,200,13,596,0,0,0,0,0,0,0,0,0,0,0,0
11,2,17355,15,3,2,2,200,13,596,0,1,0,0,0,0,1,1,1,1,1,0
11,2,13803,13,3,2,2,200,13,596,0,0,0,0,0,0,0,0,0,0,0,0
11,2,12203,11,3,2,2,200,13,596,0,0,0,0,0,0,0,0,0,0,0,0
12,2,13274,10,5,2,2,200,13,596,0,0,0,0,0,0,0,0,0,0,0,0
12,2,11194,9,5,2,1,200,13,596,0,0,0,0,0,0,0,0,0,0,0,0
13,2,2117,22,1,2,2,200,13,596,0,0,0,0,0,0,0,0,0,0,0,0
13,2,1077,21,1,2,2,200,13,596,0,0,0,0,0,0,0,0,0,0,0,0
13,2,741,21,1,2,2,200,13,596,0,0,0,0,0,0,0,0,0,0,0,0
13,2,581,21,1,2,2,200,13,596,0,0,0,0,0,0,0,0,0,0,0,0
12,2,25610,18,5,2,1,200,13,596,0,0,0,0,0,0,0,0,0,0,0,0
12,2,22410,16,5,2,2,200,13,596,0,0,0,0,0,0,0,0,0,0,0,0
13,2,7493,5,2,2,2,200,13,596,0,0,0,0,0,0,0,0,0,0,0,0
13,2,5493,3,2,2,2,200,13,596,0,0,0,0,0,0,0,0,0,0,0,0
14,2,4180,1,6,2,1,200,13,596,0,0,0,0,0,0,0,0,0,0,0,0
14,2,22516,16,6,2,2,200,13,596,0,0,0,0,0,0,0,0,0,0,0,0
14,2,19220,14,6,2,2,200,13,596,0,0,0,0,0,0,0,0,0,0,0,0
14,2,17764,13,6,2,2,200,13,596,0,0,0,0,0,0,0,0,0,0,0,0
14,2,15172,11,6,2,2,200,13,596,0,0,0,0,0,0,0,0,0,0,0,0
15,1,10134,7,4,2,2,200,13,596,0,0,0,0,0,0,0,0,0,0,0,0
15,1,7926,5,4,2,2,200,13,596,0,0,0,0,0,0,0,0,0,0,0,0
15,1,198,21,3,2,2,200,13,596,0,0,0,0,0,0,0,0,0,0,0,0
15,1,18646,14,4,2,2,200,13,596,0,0,0,0,0,0,0,0,0,0,0,0
15,1,13526,10,4,2,2,200,13,596,0,0,0,0,0,0,0,0,0,0,0,0
16,1,11367,8,7,2,2,200,13,596,0,0,0,0,0,0,0,0,0,0,0,0
17,1,3615,0,1,2,2,200,13,596,0,0,0,0,0,0,0,0,0,0,0,0
16,1,25783,19,7,2,2,200,13,596,0,0,0,0,0,0,0,0,0,0,0,0
16,1,25607,19,7,2,2,200,13,596,0,0,0,0,0,0,0,0,0,0,0,0
16,1,16807,12,7,2,2,200,13,596,0,0,0,0,0,0,0,0,0,0,0,0
17,1,19935,15,1,2,2,200,13,596,0,0,0,0,0,0,0,0,0,0,0,0
17,1,17007,13,1,2,2,200,13,596,0,0,0,0,0,0,0,0,0,0,0,0
17,1,14703,11,1,2,2,200,13,596,0,0,0,0,0,0,0,0,0,0,0,0
17,1,11439,9,1,2,2,200,13,596,0,0,0,0,0,0,0,0,0,0,0,0
17,1,7727,5,1,2,1,200,13,596,1,0,1,1,1,1,0,0,0,0,0,1
18,1,6978,6,3,2,1,200,13,596,0,0,0,0,0,0,0,0,0,0,0,0
18,1,1186,22,2,2,2,200,13,596,0,0,0,0,0,0,0,0,0,0,0,0
18,1,914,21,2,2,2,200,13,596,0,0,0,0,0,0,0,0,0,0,0,0
17,1,25391,18,1,2,2,200,13,596,0,0,0,0,0,0,0,0,0,0,0,0
17,1,22927,17,1,2,2,200,13,596,0,0,0,0,0,0,0,0,0,0,0,0
17,1,22271,16,1,2,2,200,13,596,0,0,0,0,0,0,0,0,0,0,0,0
18,1,9586,8,3,2,2,200,13,596,0,0,0,0,0,0,0,0,0,0,0,0
18,1,8994,8,3,2,2,200,13,596,0,0,0,0,0,0,0,0,0,0,0,0
19,1,12410,8,5,2,2,200,13,596,0,0,0,0,0,0,0,0,0,0,0,0
19,1,18586,12,5,2,2,200,13,596,0,0,0,0,0,0,0,0,0,0,0,0
20,1,9888,8,2,2,2,200,13,596,0,0,0,0,0,0,0,0,0,0,0,0
20,1,4672,2,2,2,2,200,13,596,0,0,0,0,0,0,0,0,0,0,0,0
21,1,123,21,5,2,2,200,13,596,0,0,0,0,0,0,0,0,0,0,0,0
20,1,26544,20,2,2,2,200,13,596,0,0,0,0,0,0,0,0,0,0,0,0
20,1,26432,20,2,2,2,200,13,596,0,0,0,0,0,0,0,0,0,0,0,0
20,1,26016,20,2,2,1,200,13,596,0,0,0,0,0,0,0,0,0,0,0,0
20,1,21936,17,2,2,2,200,13,596,0,0,0,0,0,0,0,0,0,0,0,0
20,1,19616,15,2,2,2,200,13,596,0,0,0,0,0,0,0,0,0,0,0,0
21,1,20747,16,6,2,2,200,13,596,0,0,0,0,0,0,0,0,0,0,0,0
21,1,23451,18,6,2,2,200,13,596,0,0,0,0,0,0,0,0,0,0,0,0
21,1,22091,17,6,2,2,200,13,596,0,0,0,0,0,0,0,0,0,0,0,0
21,1,22059,17,6,2,2,200,13,596,0,0,0,0,0,0,0,0,0,0,0,0
21,1,22011,17,6,2,2,200,13,596,0,0,0,0,0,0,0,0,0,0,0,0
21,1,21451,16,6,2,2,200,13,596,0,0,0,0,0,0,0,0,0,0,0,0
21,1,21419,16,6,2,2,200,13,596,0,0,0,0,0,0,0,0,0,0,0,0
1,3,2246,22,3,2,2,200,13,596,0,0,0,0,0,0,0,0,0,0,0,0
1,3,24134,18,4,2,1,200,13,596,0,0,0,0,0,0,0,0,0,0,0,0
1,3,21110,16,4,2,1,200,13,596,0,0,0,0,0,0,0,0,0,0,0,0
1,3,17030,14,4,2,2,200,13,596,0,0,0,0,0,0,0,0,0,0,0,0
2,3,18259,14,7,2,2,200,13,596,0,0,0,0,0,0,0,0,0,0,0,0
2,3,17555,13,7,2,2,200,13,596,0,0,0,0,0,0,0,0,0,0,0,0
3,3,7628,6,1,2,2,200,13,596,0,0,0,0,0,0,0,0,0,0,0,0
3,3,24332,19,1,2,2,200,13,596,0,0,0,0,0,0,0,0,0,0,0,0
3,3,12796,11,1,2,2,200,13,596,0,0,0,0,0,0,0,0,0,0,0,0
4,3,13058,11,3,2,2,200,13,596,0,0,0,0,0,0,0,0,0,0,0,0
4,3,7874,7,3,2,2,200,13,596,0,0,0,0,0,0,0,0,0,0,0,0
4,3,7682,6,3,2,2,200,13,596,0,0,0,0,0,0,0,0,0,0,0,0
4,3,6354,5,3,2,2,200,13,596,0,0,0,0,0,0,0,0,0,0,0,0
4,3,22914,19,3,2,2,200,13,596,0,0,0,0,0,0,0,0,0,0,0,0
4,3,20098,16,3,2,2,200,13,596,0,0,0,0,0,0,0,0,0,0,0,0
4,3,19186,16,3,2,2,200,13,596,0,0,0,0,0,0,0,0,0,0,0,0
5,3,19481,12,5,2,2,200,13,596,0,0,0,0,0,0,0,0,0,0,0,0
5,3,11785,8,5,2,2,200,13,596,0,0,0,0,0,0,0,0,0,0,0,0
5,3,5465,3,5,2,2,200,13,596,0,0,0,0,0,0,0,0,0,0,0,0
6,3,230,21,1,2,2,200,13,596,0,0,0,0,0,0,0,0,0,0,0,0
6,3,20806,15,2,2,2,200,13,596,0,0,0,0,0,0,0,0,0,0,0,0
6,3,17382,13,2,2,2,200,13,596,0,0,0,0,0,0,0,0,0,0,0,0
6,3,14790,11,2,2,2,200,13,596,0,0,0,0,0,0,0,0,0,0,0,0
6,3,13734,10,2,2,2,200,13,596,0,0,0,0,0,0,0,0,0,0,0,0
6,3,13414,10,2,2,2,200,13,596,0,0,0,0,0,0,0,0,0,0,0,0
6,3,13062,9,2,2,2,200,13,596,0,0,0,0,0,0,0,0,0,0,0,0
6,3,12198,9,2,2,1,200,13,596,0,0,0,0,0,0,0,0,0,0,0,0
6,3,7814,5,2,2,2,200,13,596,0,0,0,0,0,0,0,0,0,0,0,0
7,3,6180,3,6,2,2,200,13,596,0,0,0,0,0,0,0,0,0,0,0,0
7,3,6148,2,6,2,2,200,13,596,0,0,0,0,0,0,0,0,0,0,0,0
7,3,6132,2,6,2,2,200,13,596,0,0,0,0,0,0,0,0,0,0,0,0
7,3,52,21,5,2,2,200,13,596,0,0,0,0,0,0,0,0,0,0,0,0
6,3,28134,20,2,2,2,200,13,596,0,0,0,0,0,0,0,0,0,0,0,0
6,3,27926,20,2,2,2,200,13,596,0,0,0,0,0,0,0,0,0,0,0,0
6,3,25430,18,2,2,2,200,13,596,0,0,0,0,0,0,0,0,0,0,0,0
6,3,25254,18,2,2,2,200,13,596,0,0,0,0,0,0,0,0,0,0,0,0
6,3,22230,16,2,2,2,200,13,596,0,0,0,0,0,0,0,0,0,0,0,0
7,3,16212,12,6,2,2,200,13,596,0,0,0,0,0,0,0,0,0,0,0,0
7,3,14132,10,6,2,2,200,13,596,0,0,0,0,0,0,0,0,0,0,0,0
7,3,11620,8,6,2,2,200,13,596,0,0,0,0,0,0,0,0,0,0,0,0
8,2,11735,10,4,2,2,200,13,596,0,0,0,0,0,0,0,0,0,0,0,0
8,2,7575,6,4,2,2,200,13,596,0,0,0,0,0,0,0,0,0,0,0,0
8,2,4295,2,4,2,2,200,13,596,0,0,0,0,0,0,0,0,0,0,0,0
8,2,1223,22,3,2,2,200,13,596,0,0,0,0,0,0,0,0,0,0,0,0
8,2,935,21,3,2,2,200,13,596,0,0,0,0,0,0,0,0,0,0,0,0
9,2,1629,21,6,2,2,200,13,596,0,0,0,0,0,0,0,0,0,0,0,0
8,2,21623,17,4,2,2,200,13,596,0,0,0,0,0,0,0,0,0,0,0,0
9,2,5133,1,7,2,2,200,13,596,0,0,0,0,0,0,0,0,0,0,0,0
9,2,4733,1,7,2,2,200,13,596,0,0,0,0,0,0,0,0,0,0,0,0
9,2,3165,23,6,2,2,200,13,596,0,0,0,0,0,0,0,0,0,0,0,0
9,2,2717,22,6,2,2,200,13,596,0,0,0,0,0,0,0,0,0,0,0,0
10,2,8527,7,1,2,2,200,13,596,0,0,0,0,0,0,0,0,0,0,0,0
11,2,9004,8,3,2,2,200,13,596,0,0,0,0,0,0,0,0,0,0,0,0
11,2,1452,22,2,2,2,200,13,596,0,0,0,0,0,0,0,0,0,0,0,0
10,2,25727,20,1,2,1,200,13,596,0,0,0,0,0,0,0,0,0,0,0,0
10,2,24463,19,1,2,2,200,13,596,0,0,0,0,0,0,0,0,0,0,0,0
11,2,20092,16,3,2,2,200,13,596,0,0,0,0,0,0,0,0,0,0,0,0
11,2,18540,16,3,2,2,200,13,596,0,0,0,0,0,0,0,0,0,0,0,0
11,2,17532,15,3,2,2,200,13,596,0,0,0,0,0,0,0,0,0,0,0,0
11,2,17324,15,3,2,2,200,13,596,0,0,0,0,0,0,0,0,0,0,0,0
12,2,10907,9,5,2,2,200,13,596,0,0,0,0,0,0,0,0,0,0,0,0
13,2,1222,21,1,2,2,200,13,596,0,0,0,0,0,0,0,0,0,0,0,0
12,2,23819,17,5,2,2,200,13,596,0,0,0,0,0,0,0,0,0,0,0,0
12,2,21723,15,5,2,2,200,13,596,0,0,0,0,0,0,0,0,0,0,0,0
13,2,13942,10,2,2,2,200,13,596,0,0,0,0,0,0,0,0,0,0,0,0
14,2,8165,4,6,2,2,200,13,596,0,0,0,0,0,0,0,0,0,0,0,0
14,2,6789,3,6,2,1,200,13,596,0,0,0,0,0,0,0,0,0,0,0,0
14,2,725,21,5,2,2,200,13,596,0,0,0,0,0,0,0,0,0,0,0,0
13,2,25494,19,2,2,1,200,13,596,0,0,0,0,0,0,0,0,0,0,0,0
13,2,23222,17,2,2,2,200,13,596,0,0,0,0,0,0,0,0,0,0,0,0
14,2,21589,15,6,2,2,200,13,596,0,0,0,0,0,0,0,0,0,0,0,0
14,2,14261,10,6,2,2,200,13,596,0,0,0,0,0,0,0,0,0,0,0,0
14,2,13845,10,6,2,2,200,13,596,0,0,0,0,0,0,0,0,0,0,0,0
15,1,20887,16,4,2,2,200,13,596,0,0,0,0,0,0,0,0,0,0,0,0
16,1,15048,11,7,2,1,200,13,596,0,0,0,0,0,0,0,0,0,0,0,0
16,1,13848,10,7,2,2,200,13,596,0,0,0,0,0,0,0,0,0,0,0,0
16,1,12024,8,7,2,2,200,13,596,0,0,0,0,0,0,0,0,0,0,0,0
16,1,11992,8,7,2,2,200,13,596,0,0,0,0,0,0,0,0,0,0,0,0
16,1,6968,4,7,2,2,200,13,596,0,0,0,0,0,0,0,0,0,0,0,0
16,1,4744,2,7,2,2,200,13,596,0,0,0,0,0,0,0,0,0,0,0,0
16,1,1608,22,6,2,2,200,13,596,0,0,0,0,0,0,0,0,0,0,0,0
17,1,1808,22,7,2,2,200,13,596,0,0,0,0,0,0,0,0,0,0,0,0
16,1,21592,16,7,2,2,200,13,596,0,0,0,0,0,0,0,0,0,0,0,0
16,1,18312,13,7,2,2,200,13,596,0,0,0,0,0,0,0,0,0,0,0,0
17,1,19232,15,1,2,2,200,13,596,0,0,0,0,0,0,0,0,0,0,0,0
17,1,19216,15,1,2,2,200,13,596,0,0,0,0,0,0,0,0,0,0,0,0
17,1,12528,10,1,2,2,200,13,596,0,0,0,0,0,0,0,0,0,0,0,0
17,1,9248,7,1,2,2,200,13,596,0,0,0,0,0,0,0,0,0,0,0,0
17,1,7760,5,1,2,1,200,13,596,1,0,1,1,1,1,0,0,0,0,0,1
17,1,7712,5,1,2,1,200,13,596,1,0,1,1,1,1,0,0,0,0,0,1
18,1,7891,7,3,2,2,200,13,596,0,0,0,0,0,0,0,0,0,0,0,0
18,1,195,21,2,2,2,200,13,596,0,0,0,0,0,0,0,0,0,0,0,0
17,1,25024,18,1,2,1,200,13,596,0,0,0,0,0,0,0,0,0,0,0,0
17,1,22608,17,1,2,2,200,13,596,0,0,0,0,0,0,0,0,0,0,0,0
17,1,21712,16,1,2,2,200,13,596,0,0,0,0,0,0,0,0,0,0,0,0
18,1,22067,18,3,2,2,200,13,596,0,0,0,0,0,0,0,0,0,0,0,0
19,1,13611,9,5,2,2,200,13,596,0,0,0,0,0,0,0,0,0,0,0,0
19,1,7515,5,5,2,2,200,13,596,0,0,0,0,0,0,0,0,0,0,0,0
19,1,5227,2,5,2,2,200,13,596,0,0,0,0,0,0,0,0,0,0,0,0
19,1,1915,22,4,2,2,200,13,596,0,0,0,0,0,0,0,0,0,0,0,0
18,1,25427,20,3,2,2,200,13,596,0,0,0,0,0,0,0,0,0,0,0,0
19,1,24171,16,5,2,2,200,13,596,0,0,0,0,0,0,0,0,0,0,0,0
19,1,22891,15,5,2,2,200,13,596,0,0,0,0,0,0,0,0,0,0,0,0
19,1,18187,12,5,2,2,200,13,596,0,0,0,0,0,0,0,0,0,0,0,0
19,1,15083,10,5,2,2,200,13,596,0,0,0,0,0,0,0,0,0,0,0,0
20,1,7249,5,2,2,2,200,13,596,0,0,0,0,0,0,0,0,0,0,0,0
20,1,4801,2,2,2,2,200,13,596,0,0,0,0,0,0,0,0,0,0,0,0
21,1,5100,3,6,2,2,200,13,596,0,0,0,0,0,0,0,0,0,0,0,0
21,1,4844,2,6,2,2,200,13,596,0,0,0,0,0,0,0,0,0,0,0,0
20,1,26449,20,2,2,2,200,13,596,0,0,0,0,0,0,0,0,0,0,0,0
20,1,26401,20,2,2,2,200,13,596,0,0,0,0,0,0,0,0,0,0,0,0
20,1,25553,19,2,2,2,200,13,596,0,0,0,0,0,0,0,0,0,0,0,0
20,1,24593,19,2,2,2,200,13,596,0,0,0,0,0,0,0,0,0,0,0,0
20,1,21121,17,2,2,2,200,13,596,0,0,0,0,0,0,0,0,0,0,0,0
21,1,21052,16,6,2,2,200,13,596,0,0,0,0,0,0,0,0,0,0,0,0
21,1,18396,14,6,2,2,200,13,596,0,0,0,0,0,0,0,0,0,0,0,0
21,1,9692,8,6,2,2,200,13,596,0,0,0,0,0,0,0,0,0,0,0,0
21,1,7244,5,6,2,2,200,13,596,0,0,0,0,0,0,0,0,0,0,0,0
21,1,6092,4,6,2,2,200,13,596,0,0,0,0,0,0,0,0,0,0,0,0
21,1,26380,20,6,2,2,200,13,596,0,0,0,0,0,0,0,0,0,0,0,0
21,1,21836,16,6,2,2,200,13,596,0,0,0,0,0,0,0,0,0,0,0,0
1,3,11783,9,4,2,2,200,13,596,0,0,0,0,0,0,0,0,0,0,0,0
1,3,10487,9,4,2,2,200,13,596,0,0,0,0,0,0,0,0,0,0,0,0
1,3,6087,3,4,2,2,200,13,596,0,0,0,0,0,0,0,0,0,0,0,0
1,3,5143,2,4,2,2,200,13,596,0,0,0,0,0,0,0,0,0,0,0,0
1,3,4519,2,4,2,2,200,13,596,0,0,0,0,0,0,0,0,0,0,0,0
1,3,26359,20,4,2,2,200,13,596,0,0,0,0,0,0,0,0,0,0,0,0
1,3,26327,20,4,2,2,200,13,596,0,0,0,0,0,0,0,0,0,0,0,0
1,3,26199,20,4,2,2,200,13,596,0,0,0,0,0,0,0,0,0,0,0,0
1,3,26055,20,4,2,2,200,13,596,0,0,0,0,0,0,0,0,0,0,0,0
1,3,19863,16,4,2,2,200,13,596,0,0,0,0,0,0,0,0,0,0,0,0
2,3,13028,9,7,2,2,200,13,596,0,0,0,0,0,0,0,0,0,0,0,0
2,3,6148,3,7,2,2,200,13,596,0,0,0,0,0,0,0,0,0,0,0,0
3,3,3853,1,1,2,2,200,13,596,0,0,0,0,0,0,0,0,0,0,0,0
3,3,3453,0,1,2,2,200,13,596,0,0,0,0,0,0,0,0,0,0,0,0
3,3,1181,22,7,2,2,200,13,596,0,0,0,0,0,0,0,0,0,0,0,0
2,3,27076,20,7,2,1,200,13,596,0,0,0,0,0,0,0,0,0,0,0,0
3,3,20669,16,1,2,2,200,13,596,0,0,0,0,0,0,0,0,0,0,0,0
3,3,18269,15,1,2,2,200,13,596,0,0,0,0,0,0,0,0,0,0,0,0
3,3,16653,13,1,2,2,200,13,596,0,0,0,0,0,0,0,0,0,0,0,0
3,3,11293,10,1,2,2,200,13,596,0,0,0,0,0,0,0,0,0,0,0,0
4,3,13507,11,3,2,2,200,13,596,0,0,0,0,0,0,0,0,0,0,0,0
4,3,10835,9,3,2,2,200,13,596,0,0,0,0,0,0,0,0,0,0,0,0
4,3,10611,8,3,2,2,200,13,596,0,0,0,0,0,0,0,0,0,0,0,0
4,3,10163,8,3,2,2,200,13,596,0,0,0,0,0,0,0,0,0,0,0,0
4,3,8339,7,3,2,2,200,13,596,0,0,0,0,0,0,0,0,0,0,0,0
4,3,3059,0,3,2,2,200,13,596,0,0,0,0,0,0,0,0,0,0,0,0
5,3,346,21,4,2,2,200,13,596,0,0,0,0,0,0,0,0,0,0,0,0
4,3,23491,19,3,2,2,200,13,596,0,0,0,0,0,0,0,0,0,0,0,0
5,3,18906,12,5,2,2,200,13,596,0,0,0,0,0,0,0,0,0,0,0,0
5,3,12890,9,5,2,2,200,13,596,0,0,0,0,0,0,0,0,0,0,0,0
5,3,12378,8,5,2,2,200,13,596,0,0,0,0,0,0,0,0,0,0,0,0
5,3,5866,4,5,2,2,200,13,596,0,0,0,0,0,0,0,0,0,0,0,0
6,3,4439,1,2,2,2,200,13,596,0,0,0,0,0,0,0,0,0,0,0,0
6,3,18919,14,2,2,2,200,13,596,0,0,0,0,0,0,0,0,0,0,0,0
6,3,9959,7,2,2,2,200,13,596,0,0,0,0,0,0,0,0,0,0,0,0
6,3,8919,6,2,2,1,200,13,596,0,0,0,0,0,0,0,0,0,0,0,0
7,3,6213,3,6,2,2,200,13,596,0,0,0,0,0,0,0,0,0,0,0,0
6,3,24647,18,2,2,2,200,13,596,0,0,0,0,0,0,0,0,0,0,0,0
6,3,22055,16,2,2,2,200,13,596,0,0,0,0,0,0,0,0,0,0,0,0
7,3,22821,16,6,2,2,200,13,596,0,0,0,0,0,0,0,0,0,0,0,0
7,3,15413,11,6,2,2,200,13,596,0,0,0,0,0,0,0,0,0,0,0,0
7,3,11221,8,6,2,2,200,13,596,0,0,0,0,0,0,0,0,0,0,0,0
7,3,11157,8,6,2,2,200,13,596,0,0,0,0,0,0,0,0,0,0,0,0
8,2,10424,9,4,2,2,200,13,596,0,0,0,0,0,0,0,0,0,0,0,0
8,2,8920,7,4,2,2,200,13,596,0,0,0,0,0,0,0,0,0,0,0,0
8,2,8248,7,4,2,1,200,13,596,0,0,0,0,0,0,0,0,0,0,0,0
7,3,27541,20,6,2,2,200,13,596,0,0,0,0,0,0,0,0,0,0,0,0
7,3,26373,19,6,2,2,200,13,596,0,0,0,0,0,0,0,0,0,0,0,0
7,3,26133,19,6,2,2,200,13,596,0,0,0,0,0,0,0,0,0,0,0,0
8,2,13208,11,4,2,2,200,13,596,0,0,0,0,0,0,0,0,0,0,0,0
9,2,16158,11,7,2,2,200,13,596,0,0,0,0,0,0,0,0,0,0,0,0
9,2,9182,5,7,2,2,200,13,596,0,0,0,0,0,0,0,0,0,0,0,0
9,2,8558,5,7,2,2,200,13,596,0,0,0,0,0,0,0,0,0,0,0,0
9,2,6990,3,7,2,1,200,13,596,0,0,0,0,0,0,0,0,0,0,0,0
9,2,5646,2,7,2,2,200,13,596,0,0,0,0,0,0,0,0,0,0,0,0
10,2,3216,1,1,2,2,200,13,596,0,0,0,0,0,0,0,0,0,0,0,0
10,2,832,21,7,2,2,200,13,596,0,0,0,0,0,0,0,0,0,0,0,0
9,2,23582,16,7,2,2,200,13,596,0,0,0,0,0,0,0,0,0,0,0,0
9,2,20062,14,7,2,2,200,13,596,0,0,0,0,0,0,0,0,0,0,0,0
9,2,18222,12,7,2,2,200,13,596,0,0,0,0,0,0,0,0,0,0,0,0
10,2,14112,12,1,2,2,200,13,596,0,0,0,0,0,0,0,0,0,0,0,0
10,2,7680,7,1,2,2,200,13,596,0,0,0,0,0,0,0,0,0,0,0,0
11,2,9325,8,3,2,2,200,13,596,0,0,0,0,0,0,0,0,0,0,0,0
11,2,893,21,2,2,2,200,13,596,0,0,0,0,0,0,0,0,0,0,0,0
11,2,381,21,2,2,2,200,13,596,0,0,0,0,0,0,0,0,0,0,0,0
10,2,24448,19,1,2,2,200,13,596,0,0,0,0,0,0,0,0,0,0,0,0
10,2,22432,17,1,2,2,200,13,596,0,0,0,0,0,0,0,0,0,0,0,0
11,2,23245,19,3,2,2,200,13,596,0,0,0,0,0,0,0,0,0,0,0,0
11,2,20189,16,3,2,2,200,13,596,0,0,0,0,0,0,0,0,0,0,0,0
11,2,19117,16,3,2,2,200,13,596,0,0,0,0,0,0,0,0,0,0,0,0
11,2,18957,16,3,2,2,200,13,596,0,0,0,0,0,0,0,0,0,0,0,0
11,2,18621,16,3,2,2,200,13,596,0,0,0,0,0,0,0,0,0,0,0,0
11,2,17213,15,3,2,2,200,13,596,0,0,0,0,0,0,0,0,0,0,0,0
12,2,10620,8,5,2,2,200,13,596,0,0,0,0,0,0,0,0,0,0,0,0
12,2,4380,1,5,2,2,200,13,596,0,0,0,0,0,0,0,0,0,0,0,0
12,2,1580,22,4,2,2,200,13,596,0,0,0,0,0,0,0,0,0,0,0,0
13,2,3799,0,2,2,2,200,13,596,0,0,0,0,0,0,0,0,0,0,0,0
13,2,2967,23,1,2,2,200,13,596,0,0,0,0,0,0,0,0,0,0,0,0
13,2,18119,13,2,2,2,200,13,596,0,0,0,0,0,0,0,0,0,0,0,0
13,2,16951,13,2,2,2,200,13,596,0,0,0,0,0,0,0,0,0,0,0,0
13,2,12007,9,2,2,2,200,13,596,0,0,0,0,0,0,0,0,0,0,0,0
13,2,5175,2,2,2,2,200,13,596,0,0,0,0,0,0,0,0,0,0,0,0
14,2,7238,3,6,2,2,200,13,596,0,0,0,0,0,0,0,0,0,0,0,0
14,2,2150,23,5,2,2,200,13,596,0,0,0,0,0,0,0,0,0,0,0,0
13,2,25271,19,2,2,2,200,13,596,0,0,0,0,0,0,0,0,0,0,0,0
15,1,6200,2,4,2,2,200,13,596,0,0,0,0,0,0,0,0,0,0,0,0
15,1,2744,23,3,2,2,200,13,596,0,0,0,0,0,0,0,0,0,0,0,0
15,1,1864,22,3,2,2,200,13,596,0,0,0,0,0,0,0,0,0,0,0,0
14,2,26694,19,6,2,2,200,13,596,0,0,0,0,0,0,0,0,0,0,0,0
14,2,24582,17,6,2,2,200,13,596,0,0,0,0,0,0,0,0,0,0,0,0
15,1,24472,19,4,2,2,200,13,596,0,0,0,0,0,0,0,0,0,0,0,0
15,1,19224,15,4,2,2,200,13,596,0,0,0,0,0,0,0,0,0,0,0,0
15,1,17144,13,4,2,2,200,13,596,0,0,0,0,0,0,0,0,0,0,0,0
15,1,16488,12,4,2,2,200,13,596,0,0,0,0,0,0,0,0,0,0,0,0
16,1,14297,10,7,2,2,200,13,596,0,0,0,0,0,0,0,0,0,0,0,0
16,1,11769,8,7,2,2,200,13,596,0,0,0,0,0,0,0,0,0,0,0,0
16,1,7961,5,7,2,2,200,13,596,0,0,0,0,0,0,0,0,0,0,0,0
16,1,2985,23,6,2,2,200,13,596,0,0,0,0,0,0,0,0,0,0,0,0
16,1,2857,23,6,2,2,200,13,596,0,0,0,0,0,0,0,0,0,0,0,0
17,1,20433,15,1,2,2,200,13,596,0,0,0,0,0,0,0,0,0,0,0,0
17,1,11025,8,1,2,1,200,13,596,0,0,0,0,0,0,0,0,0,0,0,0
17,1,8961,7,1,2,2,200,13,596,0,0,0,0,0,0,0,0,0,0,0,0
18,1,3620,1,3,2,2,200,13,596,0,0,0,0,0,0,0,0,0,0,0,0
18,1,2100,23,2,2,2,200,13,596,0,0,0,0,0,0,0,0,0,0,0,0
18,1,18676,15,3,2,2,200,13,596,0,0,0,0,0,0,0,0,0,0,0,0
18,1,16676,14,3,2,1,200,13,596,0,1,0,0,0,0,1,1,1,1,1,0
18,1,13220,11,3,2,1,200,13,596,0,0,0,0,0,0,0,0,0,0,0,0
19,1,6348,3,5,2,1,200,13,596,0,0,0,0,0,0,0,0,0,0,0,0
19,1,3020,23,4,2,2,200,13,596,0,0,0,0,0,0,0,0,0,0,0,0
19,1,30108,20,5,2,1,200,13,596,0,0,0,0,0,0,0,0,0,0,0,0
19,1,15324,10,5,2,2,200,13,596,0,0,0,0,0,0,0,0,0,0,0,0
20,1,8050,5,2,2,2,200,13,596,0,0,0,0,0,0,0,0,0,0,0,0
20,1,5090,2,2,2,2,200,13,596,0,0,0,0,0,0,0,0,0,0,0,0
20,1,2418,23,1,2,2,200,13,596,0,0,0,0,0,0,0,0,0,0,0,0
20,1,1314,21,1,2,2,200,13,596,0,0,0,0,0,0,0,0,0,0,0,0
21,1,2285,22,5,2,2,200,13,596,0,0,0,0,0,0,0,0,0,0,0,0
20,1,26466,20,2,2,2,200,13,596,0,0,0,0,0,0,0,0,0,0,0,0
20,1,21842,17,2,2,2,200,13,596,0,0,0,0,0,0,0,0,0,0,0,0
20,1,21138,17,2,2,1,200,13,596,0,0,0,0,0,0,0,0,0,0,0,0
20,1,20690,16,2,2,2,200,13,596,0,0,0,0,0,0,0,0,0,0,0,0
21,1,13757,11,6,2,2,200,13,596,0,0,0,0,0,0,0,0,0,0,0,0
21,1,26765,20,6,2,2,200,13,596,0,0,0,0,0,0,0,0,0,0,0,0
21,1,23597,18,6,2,2,200,13,596,0,0,0,0,0,0,0,0,0,0,0,0
21,1,21613,16,6,2,2,200,13,596,0,0,0,0,0,0,0,0,0,0,0,0
