1,3,10833,9,4,2,2,200,14,597,0,0,0,0,0,0,0,0,0,0,0,0
1,3,5729,3,4,2,2,200,14,597,0,0,0,0,0,0,0,0,0,0,0,0
2,3,1726,22,6,2,2,200,14,597,0,0,0,0,0,0,0,0,0,0,0,0
1,3,24129,18,4,2,2,200,14,597,0,0,0,0,0,0,0,0,0,0,0,0
1,3,23009,18,4,2,2,200,14,597,0,0,0,0,0,0,0,0,0,0,0,0
1,3,18801,15,4,2,2,200,14,597,0,0,0,0,0,0,0,0,0,0,0,0
1,3,16545,14,4,2,2,200,14,597,0,0,0,0,0,0,0,0,0,0,0,0
2,3,6446,3,7,2,2,200,14,597,0,0,0,0,0,0,0,0,0,0,0,0
2,3,5422,3,7,2,2,200,14,597,0,0,0,0,0,0,0,0,0,0,0,0
3,3,4231,1,1,2,2,200,14,597,0,0,0,0,0,0,0,0,0,0,0,0
3,3,439,21,7,2,2,200,14,597,0,0,0,0,0,0,0,0,0,0,0,0
2,3,24526,18,7,2,2,200,14,597,0,0,0,0,0,0,0,0,0,0,0,0
3,3,23223,18,1,2,2,200,14,597,0,0,0,0,0,0,0,0,0,0,0,0
4,3,13149,11,3,2,2,200,14,597,0,0,0,0,0,0,0,0,0,0,0,0
4,3,9293,8,3,2,2,200,14,597,0,0,0,0,0,0,0,0,0,0,0,0
4,3,7501,6,3,2,2,200,14,597,0,0,0,0,0,0,0,0,0,0,0,0
4,3,7117,6,3,2,2,200,14,597,0,0,0,0,0,0,0,0,0,0,0,0
4,3,5917,4,3,2,2,200,14,597,0,0,0,0,0,0,0,0,0,0,0,0
3,3,24983,20,1,2,2,200,14,597,0,0,0,0,0,0,0,0,0,0,0,0
5,3,4724,2,5,2,2,200,14,597,0,0,0,0,0,0,0,0,0,0,0,0
4,3,25133,20,3,2,2,200,14,597,0,0,0,0,0,0,0,0,0,0,0,0
5,3,18948,12,5,2,2,200,14,597,0,0,0,0,0,0,0,0,0,0,0,0
5,3,5780,4,5,2,2,200,14,597,0,0,0,0,0,0,0,0,0,0,0,0
5,3,21732,14,5,2,2,200,14,597,0,0,0,0,0,0,0,0,0,0,0,0
6,3,18865,14,2,2,2,200,14,597,0,0,0,0,0,0,0,0,0,0,0,0
6,3,15249,11,2,2,2,200,14,597,0,0,0,0,0,0,0,0,0,0,0,0
6,3,24609,18,2,2,2,200,14,597,0,0,0,0,0,0,0,0,0,0,0,0
6,3,24273,17,2,2,2,200,14,597,0,0,0,0,0,0,0,0,0,0,0,0
7,3,11231,8,6,2,2,200,14,597,0,0,0,0,0,0,0,0,0,0,0,0
8,2,10194,9,4,2,2,200,14,597,0,0,0,0,0,0,0,0,0,0,0,0
9,2,15976,11,7,2,1,200,14,597,0,0,0,0,0,0,0,0,0,0,0,0
10,2,922,21,7,2,2,200,14,597,0,0,0,0,0,0,0,0,0,0,0,0
9,2,26136,18,7,2,2,200,14,597,0,0,0,0,0,0,0,0,0,0,0,0
9,2,24792,17,7,2,2,200,14,597,0,0,0,0,0,0,0,0,0,0,0,0
9,2,21832,15,7,2,2,200,14,597,0,0,0,0,0,0,0,0,0,0,0,0
11,2,87,21,2,2,2,200,14,597,0,0,0,0,0,0,0,0,0,0,0,0
12,2,8022,6,5,2,2,200,14,597,0,0,0,0,0,0,0,0,0,0,0,0
12,2,28038,20,5,2,1,200,14,597,0,0,0,0,0,0,0,0,0,0,0,0
12,2,25862,18,5,2,2,200,14,597,0,0,0,0,0,0,0,0,0,0,0,0
13,2,15153,11,2,2,2,200,14,597,0,0,0,0,0,0,0,0,0,0,0,0
13,2,11729,8,2,2,2,200,14,597,0,0,0,0,0,0,0,0,0,0,0,0
14,2,4896,2,6,2,2,200,14,597,0,0,0,0,0,0,0,0,0,0,0,0
13,2,26145,19,2,2,2,200,14,597,0,0,0,0,0,0,0,0,0,0,0,0
13,2,22897,17,2,2,2,200,14,597,0,0,0,0,0,0,0,0,0,0,0,0
14,2,8992,5,6,2,2,200,14,597,0,0,0,0,0,0,0,0,0,0,0,0
14,2,28400,20,6,2,2,200,14,597,0,0,0,0,0,0,0,0,0,0,0,0
14,2,26272,19,6,2,1,200,14,597,0,0,0,0,0,0,0,0,0,0,0,0
15,1,24674,19,4,2,2,200,14,597,0,0,0,0,0,0,0,0,0,0,0,0
15,1,20754,16,4,2,2,200,14,597,0,0,0,0,0,0,0,0,0,0,0,0
16,1,14083,10,7,2,1,200,14,597,0,0,0,0,0,0,0,0,0,0,0,0
16,1,27651,20,7,2,2,200,14,597,0,0,0,0,0,0,0,0,0,0,0,0
16,1,26307,19,7,2,1,200,14,597,0,0,0,0,0,0,0,0,0,0,0,0
16,1,22899,17,7,2,2,200,14,597,0,0,0,0,0,0,0,0,0,0,0,0
16,1,21763,16,7,2,2,200,14,597,0,0,0,0,0,0,0,0,0,0,0,0
17,1,12043,9,1,2,2,200,14,597,0,0,0,0,0,0,0,0,0,0,0,0
17,1,6171,3,1,2,2,200,14,597,0,0,0,0,0,0,0,0,0,0,0,0
17,1,5419,2,1,2,2,200,14,597,0,0,0,0,0,0,0,0,0,0,0,0
17,1,26475,19,1,2,2,200,14,597,0,0,0,0,0,0,0,0,0,0,0,0
17,1,22715,17,1,2,2,200,14,597,0,0,0,0,0,0,0,0,0,0,0,0
18,1,14030,12,3,2,2,200,14,597,0,0,0,0,0,0,0,0,0,0,0,0
18,1,12718,11,3,2,2,200,14,597,0,0,0,0,0,0,0,0,0,0,0,0
18,1,10494,9,3,2,2,200,14,597,0,0,0,0,0,0,0,0,0,0,0,0
19,1,8694,5,5,2,2,200,14,597,0,0,0,0,0,0,0,0,0,0,0,0
19,1,29046,20,5,2,2,200,14,597,0,0,0,0,0,0,0,0,0,0,0,0
20,1,13068,10,2,2,2,200,14,597,0,0,0,0,0,0,0,0,0,0,0,0
20,1,10300,8,2,2,2,200,14,597,0,0,0,0,0,0,0,0,0,0,0,0
20,1,8604,6,2,2,2,200,14,597,0,0,0,0,0,0,0,0,0,0,0,0
20,1,8092,6,2,2,2,200,14,597,0,0,0,0,0,0,0,0,0,0,0,0
20,1,5372,3,2,2,2,200,14,597,0,0,0,0,0,0,0,0,0,0,0,0
20,1,1996,22,1,2,2,200,14,597,0,0,0,0,0,0,0,0,0,0,0,0
21,1,3303,23,5,2,2,200,14,597,0,0,0,0,0,0,0,0,0,0,0,0
21,1,2455,23,5,2,2,200,14,597,0,0,0,0,0,0,0,0,0,0,0,0
21,1,519,21,5,2,2,200,14,597,0,0,0,0,0,0,0,0,0,0,0,0
20,1,20620,16,2,2,2,200,14,597,0,0,0,0,0,0,0,0,0,0,0,0
20,1,19644,15,2,2,2,200,14,597,0,0,0,0,0,0,0,0,0,0,0,0
20,1,19052,15,2,2,2,200,14,597,1,1,1,1,1,1,1,1,1,1,1,1
21,1,6183,4,6,2,2,200,14,597,0,0,0,0,0,0,0,0,0,0,0,0
2,3,431,21,6,2,2,200,14,597,0,0,0,0,0,0,0,0,0,0,0,0
1,3,24306,18,4,2,2,200,14,597,0,0,0,0,0,0,0,0,0,0,0,0
2,3,6031,3,7,2,2,200,14,597,0,0,0,0,0,0,0,0,0,0,0,0
2,3,5039,2,7,2,2,200,14,597,0,0,0,0,0,0,0,0,0,0,0,0
3,3,7368,6,1,2,2,200,14,597,0,0,0,0,0,0,0,0,0,0,0,0
3,3,6808,5,1,2,2,200,14,597,0,0,0,0,0,0,0,0,0,0,0,0
3,3,21560,17,1,2,2,200,14,597,0,0,0,0,0,0,0,0,0,0,0,0
3,3,19912,16,1,2,2,200,14,597,0,0,0,0,0,0,0,0,0,0,0,0
3,3,19048,15,1,2,2,200,14,597,0,0,0,0,0,0,0,0,0,0,0,0
3,3,17400,14,1,2,1,200,14,597,0,0,0,0,0,0,0,0,0,0,0,0
5,3,19045,12,5,2,2,200,14,597,0,0,0,0,0,0,0,0,0,0,0,0
5,3,18949,12,5,2,2,200,14,597,0,0,0,0,0,0,0,0,0,0,0,0
5,3,9061,7,5,2,2,200,14,597,0,0,0,0,0,0,0,0,0,0,0,0
5,3,5797,4,5,2,2,200,14,597,0,0,0,0,0,0,0,0,0,0,0,0
6,3,2770,23,1,2,2,200,14,597,0,0,0,0,0,0,0,0,0,0,0,0
5,3,28005,18,5,2,2,200,14,597,0,0,0,0,0,0,0,0,0,0,0,0
5,3,25749,16,5,2,1,200,14,597,0,0,0,0,0,0,0,0,0,0,0,0
6,3,18770,14,2,2,2,200,14,597,0,0,0,0,0,0,0,0,0,0,0,0
7,3,8848,5,6,2,2,200,14,597,0,0,0,0,0,0,0,0,0,0,0,0
6,3,24370,17,2,2,2,200,14,597,0,0,0,0,0,0,0,0,0,0,0,0
6,3,22370,16,2,2,2,200,14,597,0,0,0,0,0,0,0,0,0,0,0,0
8,2,10979,9,4,2,2,200,14,597,0,0,0,0,0,0,0,0,0,0,0,0
7,3,25968,18,6,2,1,200,14,597,0,0,0,0,0,0,0,0,0,0,0,0
9,2,25,21,6,2,2,200,14,597,0,0,0,0,0,0,0,0,0,0,0,0
8,2,23987,19,4,2,2,200,14,597,0,0,0,0,0,0,0,0,0,0,0,0
8,2,13299,11,4,2,2,200,14,597,0,0,0,0,0,0,0,0,0,0,0,0
9,2,21737,15,7,2,2,200,14,597,0,0,0,0,0,0,0,0,0,0,0,0
9,2,20617,14,7,2,2,200,14,597,0,0,0,0,0,0,0,0,0,0,0,0
10,2,11179,10,1,2,1,200,14,597,0,0,0,0,0,0,0,0,0,0,0,0
10,2,7115,6,1,2,2,200,14,597,0,0,0,0,0,0,0,0,0,0,0,0
11,2,984,21,2,2,2,200,14,597,0,0,0,0,0,0,0,0,0,0,0,0
10,2,23307,18,1,2,2,200,14,597,0,0,0,0,0,0,0,0,0,0,0,0
11,2,15304,14,3,2,2,200,14,597,0,0,0,0,0,0,0,0,0,0,0,0
12,2,6327,4,5,2,2,200,14,597,0,0,0,0,0,0,0,0,0,0,0,0
14,2,4593,2,6,2,2,200,14,597,0,0,0,0,0,0,0,0,0,0,0,0
13,2,27730,20,2,2,2,200,14,597,0,0,0,0,0,0,0,0,0,0,0,0
17,1,2524,23,7,2,1,200,14,597,0,0,0,0,0,0,0,0,0,0,0,0
17,1,1260,21,7,2,2,200,14,597,0,0,0,0,0,0,0,0,0,0,0,0
16,1,25780,19,7,2,2,200,14,597,0,0,0,0,0,0,0,0,0,0,0,0
17,1,11756,9,1,2,2,200,14,597,0,0,0,0,0,0,0,0,0,0,0,0
18,1,2927,0,3,2,2,200,14,597,0,0,0,0,0,0,0,0,0,0,0,0
19,1,5735,3,5,2,2,200,14,597,0,0,0,0,0,0,0,0,0,0,0,0
20,1,13373,11,2,2,2,200,14,597,0,0,0,0,0,0,0,0,0,0,0,0
21,1,16888,13,6,2,2,200,14,597,0,0,0,0,0,0,0,0,0,0,0,0
21,1,9480,8,6,2,2,200,14,597,0,0,0,0,0,0,0,0,0,0,0,0
21,1,7272,5,6,2,2,200,14,597,0,0,0,0,0,0,0,0,0,0,0,0
21,1,5976,4,6,2,2,200,14,597,0,0,0,0,0,0,0,0,0,0,0,0
1,3,5251,2,4,2,2,200,14,597,0,0,0,0,0,0,0,0,0,0,0,0
1,3,451,21,3,2,2,200,14,597,0,0,0,0,0,0,0,0,0,0,0,0
1,3,24643,19,4,2,2,200,14,597,0,0,0,0,0,0,0,0,0,0,0,0
2,3,17552,13,7,2,2,200,14,597,0,0,0,0,0,0,0,0,0,0,0,0
2,3,11280,8,7,2,2,200,14,597,0,0,0,0,0,0,0,0,0,0,0,0
3,3,8329,7,1,2,2,200,14,597,0,0,0,0,0,0,0,0,0,0,0,0
3,3,3001,0,1,2,2,200,14,597,0,0,0,0,0,0,0,0,0,0,0,0
2,3,26176,19,7,2,2,200,14,597,0,0,0,0,0,0,0,0,0,0,0,0
2,3,22784,17,7,2,2,200,14,597,0,0,0,0,0,0,0,0,0,0,0,0
3,3,11817,10,1,2,1,200,14,597,0,0,0,0,0,0,0,0,0,0,0,0
4,3,3407,1,3,2,2,200,14,597,0,0,0,0,0,0,0,0,0,0,0,0
4,3,1583,22,2,2,2,200,14,597,0,0,0,0,0,0,0,0,0,0,0,0
4,3,911,21,2,2,2,200,14,597,0,0,0,0,0,0,0,0,0,0,0,0
4,3,639,21,2,2,2,200,14,597,0,0,0,0,0,0,0,0,0,0,0,0
3,3,24825,20,1,2,2,200,14,597,0,0,0,0,0,0,0,0,0,0,0,0
5,3,678,21,4,2,2,200,14,597,0,0,0,0,0,0,0,0,0,0,0,0
4,3,22207,18,3,2,2,200,14,597,0,0,0,0,0,0,0,0,0,0,0,0
5,3,14726,9,5,2,2,200,14,597,0,0,0,0,0,0,0,0,0,0,0,0
5,3,10022,7,5,2,2,200,14,597,0,0,0,0,0,0,0,0,0,0,0,0
5,3,7158,5,5,2,2,200,14,597,0,0,0,0,0,0,0,0,0,0,0,0
6,3,20419,15,2,2,1,200,14,597,0,0,0,0,0,0,0,0,0,0,0,0
6,3,11635,8,2,2,2,200,14,597,0,0,0,0,0,0,0,0,0,0,0,0
6,3,7747,5,2,2,2,200,14,597,0,0,0,0,0,0,0,0,0,0,0,0
6,3,22755,16,2,2,2,200,14,597,0,0,0,0,0,0,0,0,0,0,0,0
7,3,9505,6,6,2,2,200,14,597,0,0,0,0,0,0,0,0,0,0,0,0
8,2,4756,2,4,2,2,200,14,597,0,0,0,0,0,0,0,0,0,0,0,0
8,2,2596,23,3,2,2,200,14,597,0,0,0,0,0,0,0,0,0,0,0,0
7,3,25729,18,6,2,2,200,14,597,0,0,0,0,0,0,0,0,0,0,0,0
8,2,24068,19,4,2,1,200,14,597,0,0,0,0,0,0,0,0,0,0,0,0
9,2,17946,12,7,2,2,200,14,597,0,0,0,0,0,0,0,0,0,0,0,0
9,2,10042,6,7,2,2,200,14,597,0,0,0,0,0,0,0,0,0,0,0,0
11,2,9065,8,3,2,2,200,14,597,0,0,0,0,0,0,0,0,0,0,0,0
11,2,3865,1,3,2,2,200,14,597,0,0,0,0,0,0,0,0,0,0,0,0
11,2,393,21,2,2,2,200,14,597,0,0,0,0,0,0,0,0,0,0,0,0
11,2,24825,20,3,2,2,200,14,597,0,0,0,0,0,0,0,0,0,0,0,0
11,2,20233,16,3,2,2,200,14,597,0,0,0,0,0,0,0,0,0,0,0,0
12,2,16952,12,5,2,2,200,14,597,0,0,0,0,0,0,0,0,0,0,0,0
12,2,14312,11,5,2,2,200,14,597,0,0,0,0,0,0,0,0,0,0,0,0
12,2,22120,16,5,2,2,200,14,597,0,0,0,0,0,0,0,0,0,0,0,0
13,2,6883,4,2,2,2,200,14,597,0,0,0,0,0,0,0,0,0,0,0,0
14,2,6994,3,6,2,2,200,14,597,0,0,0,0,0,0,0,0,0,0,0,0
14,2,24050,17,6,2,2,200,14,597,0,0,0,0,0,0,0,0,0,0,0,0
14,2,22482,16,6,2,2,200,14,597,0,0,0,0,0,0,0,0,0,0,0,0
14,2,10130,6,6,2,2,200,14,597,0,0,0,0,0,0,0,0,0,0,0,0
14,2,9986,6,6,2,2,200,14,597,0,0,0,0,0,0,0,0,0,0,0,0
14,2,9730,6,6,2,2,200,14,597,0,0,0,0,0,0,0,0,0,0,0,0
15,1,9252,6,4,2,2,200,14,597,0,0,0,0,0,0,0,0,0,0,0,0
15,1,4628,0,4,2,2,200,14,597,0,0,0,0,0,0,0,0,0,0,0,0
15,1,452,21,3,2,2,200,14,597,0,0,0,0,0,0,0,0,0,0,0,0
15,1,18340,14,4,2,2,200,14,597,0,0,0,0,0,0,0,0,0,0,0,0
15,1,11636,8,4,2,2,200,14,597,0,0,0,0,0,0,0,0,0,0,0,0
16,1,7589,5,7,2,2,200,14,597,0,0,0,0,0,0,0,0,0,0,0,0
16,1,805,21,6,2,2,200,14,597,0,0,0,0,0,0,0,0,0,0,0,0
17,1,1117,21,7,2,2,200,14,597,0,0,0,0,0,0,0,0,0,0,0,0
16,1,25813,19,7,2,2,200,14,597,0,0,0,0,0,0,0,0,0,0,0,0
17,1,13981,11,1,2,2,200,14,597,0,0,0,0,0,0,0,0,0,0,0,0
17,1,7501,5,1,2,2,200,14,597,0,0,0,0,0,0,0,0,0,0,0,0
18,1,2688,0,3,2,2,200,14,597,0,0,0,0,0,0,0,0,0,0,0,0
19,1,15416,10,5,2,1,200,14,597,0,0,0,0,0,0,0,0,0,0,0,0
21,1,2345,22,5,2,2,200,14,597,0,0,0,0,0,0,0,0,0,0,0,0
21,1,1689,22,5,2,2,200,14,597,0,0,0,0,0,0,0,0,0,0,0,0
20,1,26542,20,2,2,2,200,14,597,0,0,0,0,0,0,0,0,0,0,0,0
20,1,25454,19,2,2,2,200,14,597,0,0,0,0,0,0,0,0,0,0,0,0
20,1,25310,19,2,2,2,200,14,597,0,0,0,0,0,0,0,0,0,0,0,0
21,1,20361,15,6,2,2,200,14,597,0,0,0,0,0,0,0,0,0,0,0,0
21,1,16969,13,6,2,2,200,14,597,0,0,0,0,0,0,0,0,0,0,0,0
21,1,23721,18,6,2,2,200,14,597,0,0,0,0,0,0,0,0,0,0,0,0
1,3,8196,6,4,2,2,200,14,597,0,0,0,0,0,0,0,0,0,0,0,0
1,3,3284,0,4,2,2,200,14,597,0,0,0,0,0,0,0,0,0,0,0,0
1,3,24180,18,4,2,2,200,14,597,0,0,0,0,0,0,0,0,0,0,0,0
2,3,11937,8,7,2,2,200,14,597,0,0,0,0,0,0,0,0,0,0,0,0
3,3,5690,3,1,2,2,200,14,597,0,0,0,0,0,0,0,0,0,0,0,0
2,3,26001,19,7,2,2,200,14,597,0,0,0,0,0,0,0,0,0,0,0,0
2,3,25089,18,7,2,2,200,14,597,0,0,0,0,0,0,0,0,0,0,0,0
2,3,21121,16,7,2,2,200,14,597,0,0,0,0,0,0,0,0,0,0,0,0
3,3,21050,17,1,2,2,200,14,597,0,0,0,0,0,0,0,0,0,0,0,0
4,3,10064,8,3,2,2,200,14,597,0,0,0,0,0,0,0,0,0,0,0,0
4,3,3392,1,3,2,2,200,14,597,0,0,0,0,0,0,0,0,0,0,0,0
5,3,2263,23,4,2,2,200,14,597,0,0,0,0,0,0,0,0,0,0,0,0
5,3,13559,9,5,2,2,200,14,597,0,0,0,0,0,0,0,0,0,0,0,0
6,3,4884,1,2,2,2,200,14,597,0,0,0,0,0,0,0,0,0,0,0,0
6,3,4564,1,2,2,2,200,14,597,0,0,0,0,0,0,0,0,0,0,0,0
5,3,30599,20,5,2,2,200,14,597,0,0,0,0,0,0,0,0,0,0,0,0
6,3,18628,13,2,2,2,200,14,597,0,0,0,0,0,0,0,0,0,0,0,0
6,3,9028,6,2,2,2,200,14,597,0,0,0,0,0,0,0,0,0,0,0,0
7,3,4482,1,6,2,2,200,14,597,0,0,0,0,0,0,0,0,0,0,0,0
6,3,25620,18,2,2,2,200,14,597,0,0,0,0,0,0,0,0,0,0,0,0
6,3,24532,18,2,2,2,200,14,597,0,0,0,0,0,0,0,0,0,0,0,0
8,2,10293,9,4,2,2,200,14,597,0,0,0,0,0,0,0,0,0,0,0,0
8,2,3909,1,4,2,2,200,14,597,0,0,0,0,0,0,0,0,0,0,0,0
7,3,28066,20,6,2,2,200,14,597,0,0,0,0,0,0,0,0,0,0,0,0
8,2,18069,15,4,2,2,200,14,597,0,0,0,0,0,0,0,0,0,0,0,0
8,2,16469,14,4,2,2,200,14,597,0,0,0,0,0,0,0,0,0,0,0,0
9,2,10699,7,7,2,2,200,14,597,0,0,0,0,0,0,0,0,0,0,0,0
9,2,4203,0,7,2,2,200,14,597,0,0,0,0,0,0,0,0,0,0,0,0
10,2,3853,2,1,2,2,200,14,597,0,0,0,0,0,0,0,0,0,0,0,0
9,2,26107,18,7,2,2,200,14,597,0,0,0,0,0,0,0,0,0,0,0,0
9,2,21787,15,7,2,2,200,14,597,0,0,0,0,0,0,0,0,0,0,0,0
10,2,5117,4,1,2,2,200,14,597,0,0,0,0,0,0,0,0,0,0,0,0
12,2,11737,9,5,2,2,200,14,597,0,0,0,0,0,0,0,0,0,0,0,0
12,2,10873,8,5,2,2,200,14,597,0,0,0,0,0,0,0,0,0,0,0,0
13,2,8484,6,2,2,2,200,14,597,0,0,0,0,0,0,0,0,0,0,0,0
14,2,10499,7,6,2,2,200,14,597,0,0,0,0,0,0,0,0,0,0,0,0
15,1,9477,6,4,2,1,200,14,597,0,0,0,0,0,0,0,0,0,0,0,0
14,2,26547,19,6,2,2,200,14,597,0,0,0,0,0,0,0,0,0,0,0,0
15,1,21829,17,4,2,2,200,14,597,0,0,0,0,0,0,0,0,0,0,0,0
15,1,19141,14,4,2,2,200,14,597,0,0,0,0,0,0,0,0,0,0,0,0
15,1,18165,14,4,2,2,200,14,597,0,0,0,0,0,0,0,0,0,0,0,0
15,1,12981,9,4,2,2,200,14,597,0,0,0,0,0,0,0,0,0,0,0,0
16,1,7958,5,7,2,2,200,14,597,0,0,0,0,0,0,0,0,0,0,0,0
16,1,6198,3,7,2,2,200,14,597,0,0,0,0,0,0,0,0,0,0,0,0
17,1,3662,0,1,2,2,200,14,597,0,0,0,0,0,0,0,0,0,0,0,0
16,1,21078,15,7,2,2,200,14,597,0,0,0,0,0,0,0,0,0,0,0,0
17,1,17374,13,1,2,2,200,14,597,0,0,0,0,0,0,0,0,0,0,0,0
17,1,21886,16,1,2,2,200,14,597,0,0,0,0,0,0,0,0,0,0,0,0
18,1,9057,8,3,2,2,200,14,597,0,0,0,0,0,0,0,0,0,0,0,0
19,1,22265,15,5,2,2,200,14,597,0,0,0,0,0,0,0,0,0,0,0,0
20,1,12719,10,2,2,2,200,14,597,0,0,0,0,0,0,0,0,0,0,0,0
20,1,20831,16,2,2,2,200,14,597,0,0,0,0,0,0,0,0,0,0,0,0
21,1,20602,16,6,2,2,200,14,597,0,0,0,0,0,0,0,0,0,0,0,0
21,1,9514,8,6,2,2,200,14,597,0,0,0,0,0,0,0,0,0,0,0,0
21,1,6410,4,6,2,1,200,14,597,0,0,0,0,0,0,0,0,0,0,0,0
1,3,6869,4,4,2,1,200,14,597,0,0,0,0,0,0,0,0,0,0,0,0
1,3,3909,0,4,2,1,200,14,597,0,0,0,0,0,0,0,0,0,0,0,0
2,3,8210,5,7,2,2,200,14,597,0,0,0,0,0,0,0,0,0,0,0,0
3,3,1163,22,7,2,2,200,14,597,0,0,0,0,0,0,0,0,0,0,0,0
2,3,23154,17,7,2,2,200,14,597,0,0,0,0,0,0,0,0,0,0,0,0
2,3,21298,16,7,2,2,200,14,597,0,0,0,0,0,0,0,0,0,0,0,0
2,3,21106,16,7,2,2,200,14,597,0,0,0,0,0,0,0,0,0,0,0,0
3,3,22363,18,1,2,2,200,14,597,0,0,0,0,0,0,0,0,0,0,0,0
3,3,10699,9,1,2,2,200,14,597,0,0,0,0,0,0,0,0,0,0,0,0
4,3,12673,11,3,2,2,200,14,597,0,0,0,0,0,0,0,0,0,0,0,0
4,3,18417,15,3,2,2,200,14,597,0,0,0,0,0,0,0,0,0,0,0,0
4,3,16977,14,3,2,2,200,14,597,0,0,0,0,0,0,0,0,0,0,0,0
5,3,12808,9,5,2,2,200,14,597,0,0,0,0,0,0,0,0,0,0,0,0
5,3,27416,18,5,2,2,200,14,597,0,0,0,0,0,0,0,0,0,0,0,0
6,3,12581,9,2,2,2,200,14,597,0,0,0,0,0,0,0,0,0,0,0,0
6,3,23093,17,2,2,2,200,14,597,0,0,0,0,0,0,0,0,0,0,0,0
7,3,20243,15,6,2,2,200,14,597,0,0,0,0,0,0,0,0,0,0,0,0
8,2,4854,2,4,2,2,200,14,597,0,0,0,0,0,0,0,0,0,0,0,0
8,2,2326,23,3,2,2,200,14,597,0,0,0,0,0,0,0,0,0,0,0,0
9,2,1724,21,6,2,2,200,14,597,0,0,0,0,0,0,0,0,0,0,0,0
8,2,22902,18,4,2,2,200,14,597,0,0,0,0,0,0,0,0,0,0,0,0
9,2,14252,9,7,2,2,200,14,597,0,0,0,0,0,0,0,0,0,0,0,0
9,2,5868,2,7,2,2,200,14,597,0,0,0,0,0,0,0,0,0,0,0,0
9,2,27580,19,7,2,2,200,14,597,0,0,0,0,0,0,0,0,0,0,0,0
9,2,20124,14,7,2,2,200,14,597,0,0,0,0,0,0,0,0,0,0,0,0
10,2,12990,11,1,2,2,200,14,597,0,0,0,0,0,0,0,0,0,0,0,0
10,2,22430,17,1,2,2,200,14,597,0,0,0,0,0,0,0,0,0,0,0,0
11,2,23227,19,3,2,2,200,14,597,0,0,0,0,0,0,0,0,0,0,0,0
11,2,20347,16,3,2,2,200,14,597,0,0,0,0,0,0,0,0,0,0,0,0
11,2,20155,16,3,2,2,200,14,597,0,0,0,0,0,0,0,0,0,0,0,0
11,2,15723,14,3,2,2,200,14,597,0,0,0,0,0,0,0,0,0,0,0,0
11,2,12331,12,3,2,2,200,14,597,0,0,0,0,0,0,0,0,0,0,0,0
12,2,15050,11,5,2,2,200,14,597,0,0,0,0,0,0,0,0,0,0,0,0
12,2,6202,4,5,2,2,200,14,597,0,0,0,0,0,0,0,0,0,0,0,0
12,2,22922,16,5,2,2,200,14,597,0,0,0,0,0,0,0,0,0,0,0,0
12,2,18330,13,5,2,2,200,14,597,0,0,0,0,0,0,0,0,0,0,0,0
13,2,11765,8,2,2,2,200,14,597,0,0,0,0,0,0,0,0,0,0,0,0
13,2,9349,7,2,2,2,200,14,597,0,0,0,0,0,0,0,0,0,0,0,0
14,2,1652,22,5,2,2,200,14,597,0,0,0,0,0,0,0,0,0,0,0,0
14,2,1508,22,5,2,2,200,14,597,0,0,0,0,0,0,0,0,0,0,0,0
14,2,1108,22,5,2,2,200,14,597,0,0,0,0,0,0,0,0,0,0,0,0
14,2,1076,22,5,2,2,200,14,597,0,0,0,0,0,0,0,0,0,0,0,0
14,2,820,21,5,2,2,200,14,597,0,0,0,0,0,0,0,0,0,0,0,0
14,2,484,21,5,2,2,200,14,597,0,0,0,0,0,0,0,0,0,0,0,0
14,2,20036,14,6,2,2,200,14,597,0,0,0,0,0,0,0,0,0,0,0,0
14,2,18452,13,6,2,2,200,14,597,0,0,0,0,0,0,0,0,0,0,0,0
15,1,6054,2,4,2,2,200,14,597,0,0,0,0,0,0,0,0,0,0,0,0
15,1,14998,11,4,2,2,200,14,597,0,0,0,0,0,0,0,0,0,0,0,0
16,1,11879,8,7,2,1,200,14,597,0,0,0,0,0,0,0,0,0,0,0,0
16,1,8775,6,7,2,2,200,14,597,0,0,0,0,0,0,0,0,0,0,0,0
16,1,17687,13,7,2,2,200,14,597,0,0,0,0,0,0,0,0,0,0,0,0
17,1,18831,14,1,2,2,200,14,597,0,0,0,0,0,0,0,0,0,0,0,0
17,1,15039,11,1,2,2,200,14,597,0,0,0,0,0,0,0,0,0,0,0,0
17,1,10943,8,1,2,2,200,14,597,0,0,0,0,0,0,0,0,0,0,0,0
17,1,7615,5,1,2,2,200,14,597,0,0,0,0,0,0,0,0,0,0,0,0
17,1,7295,5,1,2,2,200,14,597,0,0,0,0,0,0,0,0,0,0,0,0
18,1,3810,2,3,2,2,200,14,597,0,0,0,0,0,0,0,0,0,0,0,0
17,1,25791,19,1,2,2,200,14,597,0,0,0,0,0,0,0,0,0,0,0,0
17,1,22959,17,1,2,2,200,14,597,0,0,0,0,0,0,0,0,0,0,0,0
19,1,9994,6,5,2,2,200,14,597,0,0,0,0,0,0,0,0,0,0,0,0
19,1,5034,2,5,2,2,200,14,597,0,0,0,0,0,0,0,0,0,0,0,0
18,1,25410,20,3,2,2,200,14,597,0,0,0,0,0,0,0,0,0,0,0,0
19,1,28778,19,5,2,2,200,14,597,0,0,0,0,0,0,0,0,0,0,0,0
19,1,18922,13,5,2,2,200,14,597,0,0,0,0,0,0,0,0,0,0,0,0
19,1,15690,10,5,2,2,200,14,597,0,0,0,0,0,0,0,0,0,0,0,0
20,1,5952,3,2,2,2,200,14,597,0,0,0,0,0,0,0,0,0,0,0,0
21,1,2379,23,5,2,2,200,14,597,0,0,0,0,0,0,0,0,0,0,0,0
21,1,2315,22,5,2,2,200,14,597,0,0,0,0,0,0,0,0,0,0,0,0
21,1,2299,22,5,2,2,200,14,597,0,0,0,0,0,0,0,0,0,0,0,0
20,1,17936,14,2,2,2,200,14,597,0,0,0,0,0,0,0,0,0,0,0,0
20,1,16624,13,2,2,2,200,14,597,0,0,0,0,0,0,0,0,0,0,0,0
21,1,14539,11,6,2,2,200,14,597,0,0,0,0,0,0,0,0,0,0,0,0
21,1,13115,10,6,2,2,200,14,597,0,0,0,0,0,0,0,0,0,0,0,0
21,1,6059,4,6,2,2,200,14,597,0,0,0,0,0,0,0,0,0,0,0,0
1,3,12950,11,4,2,2,200,14,597,0,0,0,0,0,0,0,0,0,0,0,0
1,3,12262,10,4,2,2,200,14,597,0,0,0,0,0,0,0,0,0,0,0,0
1,3,10182,8,4,2,2,200,14,597,0,0,0,0,0,0,0,0,0,0,0,0
1,3,7654,6,4,2,2,200,14,597,0,0,0,0,0,0,0,0,0,0,0,0
2,3,51,21,6,2,2,200,14,597,0,0,0,0,0,0,0,0,0,0,0,0
2,3,14899,11,7,2,2,200,14,597,0,0,0,0,0,0,0,0,0,0,0,0
2,3,12547,9,7,2,2,200,14,597,0,0,0,0,0,0,0,0,0,0,0,0
2,3,5923,3,7,2,2,200,14,597,0,0,0,0,0,0,0,0,0,0,0,0
2,3,26723,19,7,2,2,200,14,597,0,0,0,0,0,0,0,0,0,0,0,0
2,3,21731,16,7,2,2,200,14,597,0,0,0,0,0,0,0,0,0,0,0,0
4,3,12418,10,3,2,2,200,14,597,0,0,0,0,0,0,0,0,0,0,0,0
4,3,6018,4,3,2,2,200,14,597,0,0,0,0,0,0,0,0,0,0,0,0
4,3,2882,0,3,2,2,200,14,597,0,0,0,0,0,0,0,0,0,0,0,0
4,3,22866,19,3,2,2,200,14,597,0,0,0,0,0,0,0,0,0,0,0,0
5,3,12505,8,5,2,2,200,14,597,0,0,0,0,0,0,0,0,0,0,0,0
5,3,23529,15,5,2,2,200,14,597,0,0,0,0,0,0,0,0,0,0,0,0
6,3,8790,6,2,2,2,200,14,597,0,0,0,0,0,0,0,0,0,0,0,0
7,3,4276,1,6,2,2,200,14,597,0,0,0,0,0,0,0,0,0,0,0,0
6,3,21606,16,2,2,2,200,14,597,0,0,0,0,0,0,0,0,0,0,0,0
7,3,22676,16,6,2,2,200,14,597,0,0,0,0,0,0,0,0,0,0,0,0
7,3,10964,8,6,2,2,200,14,597,0,0,0,0,0,0,0,0,0,0,0,0
7,3,9268,6,6,2,2,200,14,597,0,0,0,0,0,0,0,0,0,0,0,0
8,2,1543,22,3,2,1,200,14,597,0,0,0,0,0,0,0,0,0,0,0,0
8,2,1111,22,3,2,2,200,14,597,0,0,0,0,0,0,0,0,0,0,0,0
9,2,1485,21,6,2,2,200,14,597,0,0,0,0,0,0,0,0,0,0,0,0
8,2,14423,12,4,2,2,200,14,597,0,0,0,0,0,0,0,0,0,0,0,0
10,2,3183,1,1,2,2,200,14,597,0,0,0,0,0,0,0,0,0,0,0,0
9,2,21693,15,7,2,2,200,14,597,0,0,0,0,0,0,0,0,0,0,0,0
10,2,11039,10,1,2,2,200,14,597,0,0,0,0,0,0,0,0,0,0,0,0
10,2,10607,9,1,2,2,200,14,597,0,0,0,0,0,0,0,0,0,0,0,0
10,2,6079,5,1,2,2,200,14,597,0,0,0,0,0,0,0,0,0,0,0,0
11,2,23260,19,3,2,2,200,14,597,0,0,0,0,0,0,0,0,0,0,0,0
11,2,15020,14,3,2,2,200,14,597,0,0,0,0,0,0,0,0,0,0,0,0
11,2,12988,12,3,2,2,200,14,597,0,0,0,0,0,0,0,0,0,0,0,0
12,2,12635,10,5,2,1,200,14,597,0,0,0,0,0,0,0,0,0,0,0,0
12,2,22075,16,5,2,2,200,14,597,0,0,0,0,0,0,0,0,0,0,0,0
12,2,18715,13,5,2,2,200,14,597,0,0,0,0,0,0,0,0,0,0,0,0
12,2,18635,13,5,2,2,200,14,597,0,0,0,0,0,0,0,0,0,0,0,0
12,2,17611,13,5,2,2,200,14,597,0,0,0,0,0,0,0,0,0,0,0,0
13,2,18790,14,2,2,2,200,14,597,0,0,0,0,0,0,0,0,0,0,0,0
14,2,181,21,5,2,2,200,14,597,0,0,0,0,0,0,0,0,0,0,0,0
13,2,26950,20,2,2,2,200,14,597,0,0,0,0,0,0,0,0,0,0,0,0
14,2,19317,14,6,2,2,200,14,597,0,0,0,0,0,0,0,0,0,0,0,0
14,2,18165,13,6,2,2,200,14,597,0,0,0,0,0,0,0,0,0,0,0,0
14,2,13445,10,6,2,2,200,14,597,0,0,0,0,0,0,0,0,0,0,0,0
15,1,7111,4,4,2,2,200,14,597,0,0,0,0,0,0,0,0,0,0,0,0
14,2,27093,19,6,2,2,200,14,597,0,0,0,0,0,0,0,0,0,0,0,0
15,1,19015,14,4,2,2,200,14,597,0,0,0,0,0,0,0,0,0,0,0,0
15,1,17239,13,4,2,2,200,14,597,0,0,0,0,0,0,0,0,0,0,0,0
15,1,12263,9,4,2,2,200,14,597,0,0,0,0,0,0,0,0,0,0,0,0
15,1,12103,9,4,2,2,200,14,597,0,0,0,0,0,0,0,0,0,0,0,0
16,1,4168,1,7,2,2,200,14,597,0,0,0,0,0,0,0,0,0,0,0,0
16,1,25448,19,7,2,2,200,14,597,0,0,0,0,0,0,0,0,0,0,0,0
16,1,24664,18,7,2,2,200,14,597,0,0,0,0,0,0,0,0,0,0,0,0
16,1,23384,17,7,2,2,200,14,597,0,0,0,0,0,0,0,0,0,0,0,0
16,1,18120,13,7,2,2,200,14,597,0,0,0,0,0,0,0,0,0,0,0,0
17,1,14384,11,1,2,2,200,14,597,0,0,0,0,0,0,0,0,0,0,0,0
17,1,7616,5,1,2,2,200,14,597,0,0,0,0,0,0,0,0,0,0,0,0
18,1,11187,9,3,2,2,200,14,597,0,0,0,0,0,0,0,0,0,0,0,0
19,1,843,21,4,2,2,200,14,597,0,0,0,0,0,0,0,0,0,0,0,0
19,1,15355,10,5,2,2,200,14,597,0,0,0,0,0,0,0,0,0,0,0,0
20,1,7761,5,2,2,2,200,14,597,0,0,0,0,0,0,0,0,0,0,0,0
20,1,3745,1,2,2,2,200,14,597,0,0,0,0,0,0,0,0,0,0,0,0
21,1,2300,22,5,2,2,200,14,597,0,0,0,0,0,0,0,0,0,0,0,0
21,1,19228,14,6,2,2,200,14,597,0,0,0,0,0,0,0,0,0,0,0,0
21,1,18204,14,6,2,2,200,14,597,0,0,0,0,0,0,0,0,0,0,0,0
21,1,9596,8,6,2,2,200,14,597,0,0,0,0,0,0,0,0,0,0,0,0
21,1,7740,6,6,2,2,200,14,597,0,0,0,0,0,0,0,0,0,0,0,0
21,1,21628,16,6,2,2,200,14,597,0,0,0,0,0,0,0,0,0,0,0,0
1,3,24343,18,4,2,2,200,14,597,0,0,0,0,0,0,0,0,0,0,0,0
1,3,24247,18,4,2,2,200,14,597,0,0,0,0,0,0,0,0,0,0,0,0
2,3,20468,15,7,2,1,200,14,597,0,0,0,0,0,0,0,0,0,0,0,0
2,3,8884,6,7,2,2,200,14,597,0,0,0,0,0,0,0,0,0,0,0,0
3,3,20653,16,1,2,2,200,14,597,0,0,0,0,0,0,0,0,0,0,0,0
3,3,14397,12,1,2,2,200,14,597,0,0,0,0,0,0,0,0,0,0,0,0
3,3,11805,10,1,2,1,200,14,597,0,0,0,0,0,0,0,0,0,0,0,0
4,3,2339,23,2,2,2,200,14,597,0,0,0,0,0,0,0,0,0,0,0,0
5,3,2538,23,4,2,1,200,14,597,0,0,0,0,0,0,0,0,0,0,0,0
5,3,19418,12,5,2,2,200,14,597,0,0,0,0,0,0,0,0,0,0,0,0
6,3,1431,22,1,2,2,200,14,597,0,0,0,0,0,0,0,0,0,0,0,0
5,3,25258,16,5,2,2,200,14,597,0,0,0,0,0,0,0,0,0,0,0,0
7,3,18885,14,6,2,2,200,14,597,0,0,0,0,0,0,0,0,0,0,0,0
7,3,17861,13,6,2,2,200,14,597,0,0,0,0,0,0,0,0,0,0,0,0
7,3,17829,13,6,2,2,200,14,597,0,0,0,0,0,0,0,0,0,0,0,0
7,3,9989,6,6,2,2,200,14,597,0,0,0,0,0,0,0,0,0,0,0,0
7,3,27589,20,6,2,2,200,14,597,0,0,0,0,0,0,0,0,0,0,0,0
9,2,17454,12,7,2,2,200,14,597,0,0,0,0,0,0,0,0,0,0,0,0
9,2,9518,5,7,2,2,200,14,597,0,0,0,0,0,0,0,0,0,0,0,0
9,2,8814,5,7,2,2,200,14,597,0,0,0,0,0,0,0,0,0,0,0,0
9,2,2318,22,6,2,2,200,14,597,0,0,0,0,0,0,0,0,0,0,0,0
10,2,1392,22,7,2,2,200,14,597,0,0,0,0,0,0,0,0,0,0,0,0
10,2,12672,11,1,2,2,200,14,597,0,0,0,0,0,0,0,0,0,0,0,0
10,2,22416,17,1,2,2,200,14,597,0,0,0,0,0,0,0,0,0,0,0,0
11,2,15677,14,3,2,2,200,14,597,0,0,0,0,0,0,0,0,0,0,0,0
11,2,15053,14,3,2,2,200,14,597,0,0,0,0,0,0,0,0,0,0,0,0
12,2,4748,2,5,2,2,200,14,597,0,0,0,0,0,0,0,0,0,0,0,0
13,2,3143,23,1,2,2,200,14,597,0,0,0,0,0,0,0,0,0,0,0,0
12,2,26652,19,5,2,2,200,14,597,0,0,0,0,0,0,0,0,0,0,0,0
12,2,21452,15,5,2,2,200,14,597,0,0,0,0,0,0,0,0,0,0,0,0
13,2,6359,4,2,2,2,200,14,597,0,0,0,0,0,0,0,0,0,0,0,0
14,2,8262,4,6,2,2,200,14,597,0,0,0,0,0,0,0,0,0,0,0,0
14,2,6230,2,6,2,2,200,14,597,0,0,0,0,0,0,0,0,0,0,0,0
14,2,18150,13,6,2,2,200,14,597,0,0,0,0,0,0,0,0,0,0,0,0
14,2,14294,10,6,2,2,200,14,597,0,0,0,0,0,0,0,0,0,0,0,0
15,1,6472,3,4,2,2,200,14,597,0,0,0,0,0,0,0,0,0,0,0,0
15,1,6056,2,4,2,2,200,14,597,0,0,0,0,0,0,0,0,0,0,0,0
15,1,13720,10,4,2,2,200,14,597,0,0,0,0,0,0,0,0,0,0,0,0
15,1,12520,9,4,2,2,200,14,597,0,0,0,0,0,0,0,0,0,0,0,0
15,1,11448,8,4,2,2,200,14,597,0,0,0,0,0,0,0,0,0,0,0,0
16,1,13657,9,7,2,2,200,14,597,0,0,0,0,0,0,0,0,0,0,0,0
17,1,4209,1,1,2,2,200,14,597,0,0,0,0,0,0,0,0,0,0,0,0
16,1,22265,16,7,2,2,200,14,597,0,0,0,0,0,0,0,0,0,0,0,0
16,1,20153,14,7,2,2,200,14,597,0,0,0,0,0,0,0,0,0,0,0,0
17,1,20273,15,1,2,2,200,14,597,0,0,0,0,0,0,0,0,0,0,0,0
17,1,6417,4,1,2,2,200,14,597,0,0,0,0,0,0,0,0,0,0,0,0
17,1,5089,2,1,2,2,200,14,597,0,0,0,0,0,0,0,0,0,0,0,0
17,1,27249,19,1,2,2,200,14,597,0,0,0,0,0,0,0,0,0,0,0,0
17,1,25729,18,1,2,2,200,14,597,0,0,0,0,0,0,0,0,0,0,0,0
17,1,23697,17,1,2,2,200,14,597,0,0,0,0,0,0,0,0,0,0,0,0
18,1,15396,13,3,2,2,200,14,597,0,0,0,0,0,0,0,0,0,0,0,0
18,1,8564,7,3,2,2,200,14,597,0,0,0,0,0,0,0,0,0,0,0,0
19,1,11772,7,5,2,2,200,14,597,0,0,0,0,0,0,0,0,0,0,0,0
19,1,6972,4,5,2,2,200,14,597,0,0,0,0,0,0,0,0,0,0,0,0
19,1,6220,3,5,2,2,200,14,597,0,0,0,0,0,0,0,0,0,0,0,0
19,1,18492,12,5,2,2,200,14,597,0,0,0,0,0,0,0,0,0,0,0,0
19,1,17340,11,5,2,2,200,14,597,0,0,0,0,0,0,0,0,0,0,0,0
20,1,13378,11,2,2,2,200,14,597,0,0,0,0,0,0,0,0,0,0,0,0
21,1,9581,8,6,2,2,200,14,597,0,0,0,0,0,0,0,0,0,0,0,0
21,1,7373,5,6,2,2,200,14,597,0,0,0,0,0,0,0,0,0,0,0,0
21,1,26381,20,6,2,2,200,14,597,0,0,0,0,0,0,0,0,0,0,0,0
21,1,24445,18,6,2,2,200,14,597,0,0,0,0,0,0,0,0,0,0,0,0
