1,3,10145,8,4,2,2,200,12,658,0,0,0,0,0,0,0,0,0,0,0
1,3,8257,6,4,2,2,200,12,658,0,0,0,0,0,0,0,0,0,0,0
3,3,6999,5,1,2,2,200,12,658,0,0,0,0,0,0,0,0,0,0,0
5,3,26644,17,5,2,2,200,12,658,0,0,0,0,0,0,0,0,0,0,0
7,3,511,21,5,2,2,200,12,658,0,0,0,0,0,0,0,0,0,0,0
6,3,24625,18,2,2,2,200,12,658,0,0,0,0,0,0,0,0,0,0,0
7,3,25375,18,6,2,2,200,12,658,0,0,0,0,0,0,0,0,0,0,0
8,2,22306,18,4,2,2,200,12,658,0,0,0,0,0,0,0,0,0,0,0
14,2,7568,4,6,2,2,200,12,658,0,0,0,0,0,0,0,0,0,0,0
14,2,4112,1,6,2,2,200,12,658,0,0,0,0,0,0,0,0,0,0,0
14,2,22464,16,6,2,2,200,12,658,0,0,0,0,0,0,0,0,0,0,0
16,1,6307,3,7,2,2,200,12,658,0,0,0,0,0,0,0,0,0,0,0
19,1,18742,12,5,2,2,200,12,658,0,0,0,0,0,0,0,0,0,0,0
3,3,7224,6,1,2,2,200,12,658,0,0,0,0,0,0,0,0,0,0,0
3,3,3768,1,1,2,2,200,12,658,0,0,0,0,0,0,0,0,0,0,0
5,3,1893,22,4,2,2,200,12,658,0,0,0,0,0,0,0,0,0,0,0
9,2,19737,13,7,2,2,200,12,658,0,0,0,0,0,0,0,0,0,0,0
10,2,15371,13,1,2,2,200,12,658,0,0,0,0,0,0,0,0,0,0,0
11,2,24520,20,3,2,2,200,12,658,0,0,0,0,0,0,0,0,0,0,0
12,2,25047,18,5,2,2,200,12,658,0,0,0,0,0,0,0,0,0,0,0
12,2,21735,15,5,2,1,200,12,658,0,0,0,0,0,0,0,0,0,0,0
13,2,20658,15,2,2,2,200,12,658,0,0,0,0,0,0,0,0,0,0,0
13,2,20610,15,2,2,2,200,12,658,0,0,0,0,0,0,0,0,0,0,0
14,2,25393,18,6,2,2,200,12,658,0,0,0,0,0,0,0,0,0,0,0
16,1,18196,13,7,2,2,200,12,658,0,0,0,0,0,0,0,0,0,0,0
17,1,20044,15,1,2,2,200,12,658,0,0,0,0,0,0,0,0,0,0,0
19,1,27175,18,5,2,2,200,12,658,0,0,0,0,0,0,0,0,0,0,0
20,1,5581,3,2,2,2,200,12,658,0,0,0,0,0,0,0,0,0,0,0
2,3,14640,11,7,2,2,200,12,658,0,0,0,0,0,0,0,0,0,0,0
3,3,3977,1,1,2,2,200,12,658,0,0,0,0,0,0,0,0,0,0,0
3,3,2729,23,7,2,2,200,12,658,1,1,1,1,2,1,1,1,1,1,1
3,3,1193,22,7,2,2,200,12,658,0,0,0,0,0,0,0,0,0,0,0
2,3,22208,16,7,2,2,200,12,658,0,0,0,0,0,0,0,0,0,0,0
4,3,2063,23,2,2,2,200,12,658,0,0,0,0,0,0,0,0,0,0,0
4,3,18399,15,3,2,2,200,12,658,0,0,0,0,0,0,0,0,0,0,0
5,3,18054,12,5,2,2,200,12,658,0,0,0,0,0,0,0,0,0,0,0
5,3,8838,6,5,2,2,200,12,658,0,0,0,0,0,0,0,0,0,0,0
9,2,3546,23,6,2,2,200,12,658,0,0,0,0,0,0,0,0,0,0,0
11,2,18889,16,3,2,2,200,12,658,0,0,0,0,0,0,0,0,0,0,0
12,2,15320,11,5,2,2,200,12,658,0,0,0,0,0,0,0,0,0,0,0
13,2,2355,23,1,2,1,200,12,658,0,0,0,0,0,0,0,0,0,0,0
14,2,17954,13,6,2,2,200,12,658,0,0,0,0,0,0,0,0,0,0,0
16,1,11749,8,7,2,2,200,12,658,0,0,0,0,0,0,0,0,0,0,0
21,1,10281,8,6,2,2,200,12,658,0,0,0,0,0,0,0,0,0,0,0
2,3,881,21,6,2,2,200,12,658,0,0,0,0,0,0,0,0,0,0,0
6,3,17236,13,2,2,2,200,12,658,0,0,0,0,0,0,0,0,0,0,0
7,3,3570,0,6,2,2,200,12,658,0,0,0,0,0,0,0,0,0,0,0
8,2,2917,23,3,2,2,200,12,658,0,0,0,0,0,0,0,0,0,0,0
9,2,1723,21,6,2,2,200,12,658,0,0,0,0,0,0,0,0,0,0,0
10,2,23997,18,1,2,2,200,12,658,0,0,0,0,0,0,0,0,0,0,0
11,2,19482,16,3,2,2,200,12,658,0,0,0,0,0,0,0,0,0,0,0
12,2,16217,12,5,2,2,200,12,658,0,0,0,0,0,0,0,0,0,0,0
12,2,27337,19,5,2,2,200,12,658,0,0,0,0,0,0,0,0,0,0,0
13,2,9348,7,2,2,2,200,12,658,0,0,0,0,0,0,0,0,0,0,0
14,2,17923,13,6,2,2,200,12,658,0,0,0,0,0,0,0,0,0,0,0
15,1,2661,23,3,2,2,200,12,658,0,0,0,0,0,0,0,0,0,0,0
15,1,19413,15,4,2,2,200,12,658,0,0,0,0,0,0,0,0,0,0,0
19,1,19385,13,5,2,2,200,12,658,0,0,0,0,0,0,0,0,0,0,0
19,1,17561,12,5,2,2,200,12,658,0,0,0,0,0,0,0,0,0,0,0
21,1,20570,16,6,2,2,200,12,658,0,0,0,0,0,0,0,0,0,0,0
21,1,22042,17,6,2,2,200,12,658,0,0,0,0,0,0,0,0,0,0,0
1,3,11525,9,4,2,2,200,12,658,0,0,0,0,0,0,0,0,0,0,0
2,3,22210,16,7,2,2,200,12,658,0,0,0,0,0,0,0,0,0,0,0
5,3,18168,12,5,2,2,200,12,658,0,0,0,0,0,0,0,0,0,0,0
7,3,22803,16,6,2,2,200,12,658,0,0,0,0,0,0,0,0,0,0,0
7,3,19027,14,6,2,2,200,12,658,0,0,0,0,0,0,0,0,0,0,0
7,3,13747,10,6,2,2,200,12,658,0,0,0,0,0,0,0,0,0,0,0
8,2,8454,7,4,2,2,200,12,658,0,0,0,0,0,0,0,0,0,0,0
8,2,14454,12,4,2,1,200,12,658,0,0,0,0,0,0,0,0,0,0,0
9,2,24908,17,7,2,2,200,12,658,0,0,0,0,0,0,0,0,0,0,0
14,2,22420,16,6,2,2,200,12,658,0,0,0,0,0,0,0,0,0,0,0
14,2,14772,11,6,2,2,200,12,658,0,0,0,0,0,0,0,0,0,0,0
14,2,27684,20,6,2,2,200,12,658,0,0,0,0,0,0,0,0,0,0,0
15,1,20470,16,4,2,2,200,12,658,0,0,0,0,0,0,0,0,0,0,0
15,1,14278,10,4,2,2,200,12,658,0,0,0,0,0,0,0,0,0,0,0
16,1,23383,17,7,2,2,200,12,658,0,0,0,0,0,0,0,0,0,0,0
18,1,22082,18,3,2,2,200,12,658,0,0,0,0,0,0,0,0,0,0,0
18,1,15922,14,3,2,2,200,12,658,0,0,0,0,0,0,0,0,0,0,0
20,1,2512,23,1,2,2,200,12,658,0,0,0,0,0,0,0,0,0,0,0
1,3,2358,23,3,2,2,200,12,658,0,0,0,0,0,0,0,0,0,0,0
4,3,24434,20,3,2,2,200,12,658,0,0,0,0,0,0,0,0,0,0,0
5,3,5497,3,5,2,2,200,12,658,0,0,0,0,0,0,0,0,0,0,0
5,3,31209,20,5,2,2,200,12,658,0,0,0,0,0,0,0,0,0,0,0
5,3,25321,16,5,2,1,200,12,658,0,0,0,0,0,0,0,0,0,0,0
8,2,14455,12,4,2,2,200,12,658,0,0,0,0,0,0,0,0,0,0,0
9,2,17677,12,7,2,2,200,12,658,0,0,0,0,0,0,0,0,0,0,0
9,2,9901,6,7,2,2,200,12,658,0,0,0,0,0,0,0,0,0,0,0
11,2,17724,15,3,2,2,200,12,658,0,0,0,0,0,0,0,0,0,0,0
13,2,22790,17,2,2,2,200,12,658,0,0,0,0,0,0,0,0,0,0,0
15,1,3239,23,3,2,2,200,12,658,0,0,0,0,0,0,0,0,0,0,0
15,1,183,21,3,2,2,200,12,658,0,0,0,0,0,0,0,0,0,0,0
15,1,12871,9,4,2,2,200,12,658,0,0,0,0,0,0,0,0,0,0,0
16,1,14520,10,7,2,2,200,12,658,0,0,0,0,0,0,0,0,0,0,0
16,1,11560,8,7,2,2,200,12,658,0,0,0,0,0,0,0,0,0,0,0
17,1,3856,1,1,2,2,200,12,658,0,0,0,0,0,0,0,0,0,0,0
18,1,7235,6,3,2,2,200,12,658,0,0,0,0,0,0,0,0,0,0,0
18,1,24931,20,3,2,2,200,12,658,0,0,0,0,0,0,0,0,0,0,0
5,3,7786,5,5,2,2,200,12,658,0,0,0,0,0,0,0,0,0,0,0
6,3,16231,12,2,2,2,200,12,658,0,0,0,0,0,0,0,0,0,0,0
8,2,11672,10,4,2,1,200,12,658,0,0,0,0,0,0,0,0,0,0,0
9,2,26446,18,7,2,2,200,12,658,0,0,0,0,0,0,0,0,0,0,0
12,2,4492,1,5,2,1,200,12,658,0,0,0,0,0,0,0,0,0,0,0
21,1,24429,18,6,2,2,200,12,658,0,0,0,0,0,0,0,0,0,0,0
