1,3,6497,4,4,2,2,200,12,878,0,0,0,0,0,0,0,0,0,0,0,0
3,3,22407,18,1,2,2,200,12,878,0,0,0,0,0,0,0,0,0,0,0,0
4,3,8349,7,3,2,1,200,12,878,0,0,0,0,0,0,0,0,0,0,0,0
7,3,10911,8,6,2,2,200,12,878,0,0,0,0,0,0,0,0,0,0,0,0
8,2,10914,9,4,2,2,200,12,878,0,0,0,0,0,0,0,0,0,0,0,0
9,2,856,21,6,2,2,200,12,878,0,0,0,0,0,0,0,0,0,0,0,0
9,2,4440,0,7,2,1,200,12,878,0,0,0,0,0,0,0,0,0,0,0,0
3,3,13704,12,1,2,2,200,12,878,0,0,0,0,0,0,0,0,0,0,0,0
5,3,16325,11,5,2,1,200,12,878,0,0,0,0,0,0,0,0,0,0,0,0
7,3,19728,14,6,2,2,200,12,878,0,0,0,0,0,0,0,0,0,0,0,0
8,2,7795,6,4,2,2,200,12,878,0,0,0,0,0,0,0,0,0,0,0,0
9,2,22921,15,7,2,2,200,12,878,0,0,0,0,0,0,0,0,0,0,0,0
9,2,22569,15,7,2,2,200,12,878,0,0,0,0,0,0,0,0,0,0,0,0
11,2,11480,11,3,2,2,200,12,878,0,0,0,0,0,0,0,0,0,0,0,0
12,2,13895,10,5,2,2,200,12,878,0,0,0,0,0,0,0,0,0,0,0,0
14,2,4449,2,6,2,2,200,12,878,0,0,0,0,0,0,0,0,0,0,0,0
13,2,27154,20,2,2,2,200,12,878,0,0,0,0,0,0,0,0,0,0,0,0
14,2,10257,7,6,2,2,200,12,878,0,0,0,0,0,0,0,0,0,0,0,0
15,1,22755,18,4,2,2,200,12,878,0,0,0,0,0,0,0,0,0,0,0,0
18,1,6207,5,3,2,2,200,12,878,0,0,0,0,0,0,0,0,0,0,0,0
21,1,12312,10,6,2,2,200,12,878,0,0,0,0,0,0,0,0,0,0,0,0
1,3,10787,9,4,2,2,200,12,878,0,0,0,0,0,0,0,0,0,0,0,0
1,3,2403,23,3,2,2,200,12,878,0,0,0,0,0,0,0,0,0,0,0,0
1,3,20243,16,4,2,2,200,12,878,0,0,0,0,0,0,0,0,0,0,0,0
3,3,1753,22,7,2,2,200,12,878,0,0,0,0,0,0,0,0,0,0,0,0
3,3,10665,9,1,2,1,200,12,878,0,0,0,0,0,0,0,0,0,0,0,0
4,3,12367,10,3,2,2,200,12,878,0,0,0,0,0,0,0,0,0,0,0,0
4,3,22559,18,3,2,2,200,12,878,0,0,0,0,0,0,0,0,0,0,0,0
4,3,16607,14,3,2,2,200,12,878,0,0,0,0,0,0,0,0,0,0,0,0
5,3,19110,12,5,2,2,200,12,878,0,0,0,0,0,0,0,0,0,0,0,0
6,3,21235,15,2,2,2,200,12,878,0,0,0,0,0,0,0,0,0,0,0,0
8,2,20788,17,4,2,2,200,12,878,0,0,0,0,0,0,0,0,0,0,0,0
9,2,17322,12,7,2,2,200,12,878,0,0,0,0,0,0,0,0,0,0,0,0
9,2,3898,0,7,2,2,200,12,878,0,0,0,0,0,0,0,0,0,0,0,0
10,2,14412,12,1,2,2,200,12,878,0,0,0,0,0,0,0,0,0,0,0,0
11,2,20793,17,3,2,2,200,12,878,0,0,0,0,0,0,0,0,0,0,0,0
13,2,7411,5,2,2,2,200,12,878,0,0,0,0,0,0,0,0,0,0,0,0
16,1,27845,20,7,2,2,200,12,878,0,0,0,0,0,0,0,0,0,0,0,0
21,1,5081,3,6,2,2,200,12,878,0,0,0,0,0,0,0,0,0,0,0,0
21,1,20761,16,6,2,2,200,12,878,0,0,0,0,0,0,0,0,0,0,0,0
3,3,3770,1,1,2,2,200,12,878,0,0,0,0,0,0,0,0,0,0,0,0
5,3,24343,15,5,2,2,200,12,878,0,0,0,0,0,0,0,0,0,0,0,0
8,2,21797,17,4,2,2,200,12,878,0,0,0,0,0,0,0,0,0,0,0,0
8,2,16789,14,4,2,2,200,12,878,0,0,0,0,0,0,0,0,0,0,0,0
9,2,24251,17,7,2,2,200,12,878,0,0,0,0,0,0,0,0,0,0,0,0
10,2,21069,16,1,2,1,200,12,878,0,0,0,0,0,0,0,0,0,0,0,0
11,2,23994,19,3,2,2,200,12,878,0,0,0,0,0,0,0,0,0,0,0,0
13,2,18532,14,2,2,1,200,12,878,0,0,0,0,0,0,0,0,0,0,0,0
13,2,16388,12,2,2,2,200,12,878,0,0,0,0,0,0,0,0,0,0,0,0
14,2,3395,0,6,2,2,200,12,878,0,0,0,0,0,0,0,0,0,0,0,0
14,2,13283,9,6,2,2,200,12,878,0,0,0,0,0,0,0,0,0,0,0,0
15,1,2517,23,3,2,2,200,12,878,0,0,0,0,0,0,0,0,0,0,0,0
15,1,1013,21,3,2,2,200,12,878,0,0,0,0,0,0,0,0,0,0,0,0
15,1,11589,8,4,2,2,200,12,878,0,0,0,0,0,0,0,0,0,0,0,0
17,1,16238,12,1,2,2,200,12,878,0,0,0,0,0,0,0,0,0,0,0,0
18,1,4641,3,3,2,2,200,12,878,1,1,1,1,1,1,1,1,1,1,1,1
21,1,19514,15,6,2,2,200,12,878,0,0,0,0,0,0,0,0,0,0,0,0
2,3,4098,1,7,2,2,200,12,878,0,0,0,0,0,0,0,0,0,0,0,0
2,3,130,21,6,2,2,200,12,878,0,0,0,0,0,0,0,0,0,0,0,0
3,3,8203,7,1,2,1,200,12,878,0,0,0,0,0,0,0,0,0,0,0,0
4,3,6657,5,3,2,2,200,12,878,0,0,0,0,0,0,0,0,0,0,0,0
6,3,10997,8,2,2,2,200,12,878,0,0,0,0,0,0,0,0,0,0,0,0
7,3,51,21,5,2,2,200,12,878,0,0,0,0,0,0,0,0,0,0,0,0
8,2,4758,2,4,2,2,200,12,878,0,0,0,0,0,0,0,0,0,0,0,0
11,2,10043,9,3,2,2,200,12,878,0,0,0,0,0,0,0,0,0,0,0,0
15,1,16486,12,4,2,2,200,12,878,0,0,0,0,0,0,0,0,0,0,0,0
15,1,16438,12,4,2,2,200,12,878,0,0,0,0,0,0,0,0,0,0,0,0
17,1,735,21,7,2,2,200,12,878,0,0,0,0,0,0,0,0,0,0,0,0
17,1,24575,18,1,2,2,200,12,878,0,0,0,0,0,0,0,0,0,0,0,0
18,1,17538,15,3,2,1,200,12,878,0,0,0,0,0,0,0,0,0,0,0,0
18,1,25266,20,3,2,1,200,12,878,0,0,0,0,0,0,0,0,0,0,0,0
21,1,18203,14,6,2,2,200,12,878,0,0,0,0,0,0,0,0,0,0,0,0
2,3,23443,17,7,2,2,200,12,878,0,0,0,0,0,0,0,0,0,0,0,0
5,3,521,21,4,2,2,200,12,878,0,0,0,0,0,0,0,0,0,0,0,0
5,3,20265,13,5,2,2,200,12,878,0,0,0,0,0,0,0,0,0,0,0,0
5,3,8825,6,5,2,2,200,12,878,0,0,0,0,0,0,0,0,0,0,0,0
5,3,7193,5,5,2,2,200,12,878,0,0,0,0,0,0,0,0,0,0,0,0
6,3,21174,15,2,2,2,200,12,878,0,0,0,0,0,0,0,0,0,0,0,0
6,3,26070,19,2,2,2,200,12,878,0,0,0,0,0,0,0,0,0,0,0,0
7,3,23092,17,6,2,2,200,12,878,0,0,0,0,0,0,0,0,0,0,0,0
8,2,22663,18,4,2,2,200,12,878,0,0,0,0,0,0,0,0,0,0,0,0
9,2,16717,11,7,2,2,200,12,878,0,0,0,0,0,0,0,0,0,0,0,0
10,2,19295,15,1,2,2,200,12,878,0,0,0,0,0,0,0,0,0,0,0,0
14,2,949,21,5,2,2,200,12,878,0,0,0,0,0,0,0,0,0,0,0,0
14,2,20821,15,6,2,1,200,12,878,0,0,0,0,0,0,0,0,0,0,0,0
20,1,14785,12,2,2,2,200,12,878,0,0,0,0,0,0,0,0,0,0,0,0
2,3,4852,2,7,2,2,200,12,878,0,0,0,0,0,0,0,0,0,0,0,0
2,3,24180,18,7,2,2,200,12,878,0,0,0,0,0,0,0,0,0,0,0,0
6,3,13207,10,2,2,2,200,12,878,0,0,0,0,0,0,0,0,0,0,0,0
8,2,552,21,3,2,2,200,12,878,0,0,0,0,0,0,0,0,0,0,0,0
8,2,18024,15,4,2,2,200,12,878,0,0,0,0,0,0,0,0,0,0,0,0
10,2,14384,12,1,2,2,200,12,878,0,0,0,0,0,0,0,0,0,0,0,0
10,2,8032,7,1,2,2,200,12,878,0,0,0,0,0,0,0,0,0,0,0,0
10,2,25984,20,1,2,2,200,12,878,0,0,0,0,0,0,0,0,0,0,0,0
11,2,17501,15,3,2,2,200,12,878,0,0,0,0,0,0,0,0,0,0,0,0
14,2,21702,15,6,2,2,200,12,878,0,0,0,0,0,0,0,0,0,0,0,0
14,2,10870,7,6,2,2,200,12,878,0,0,0,0,0,0,0,0,0,0,0,0
15,1,8120,5,4,2,2,200,12,878,0,0,0,0,0,0,0,0,0,0,0,0
15,1,7768,5,4,2,2,200,12,878,0,0,0,0,0,0,0,0,0,0,0,0
15,1,24760,19,4,2,2,200,12,878,0,0,0,0,0,0,0,0,0,0,0,0
16,1,12537,9,7,2,2,200,12,878,0,0,0,0,0,0,0,0,0,0,0,0
17,1,7121,4,1,2,2,200,12,878,0,0,0,0,0,0,0,0,0,0,0,0
18,1,1188,22,2,2,2,200,12,878,0,0,0,0,0,0,0,0,0,0,0,0
19,1,30124,20,5,2,2,200,12,878,0,0,0,0,0,0,0,0,0,0,0,0
20,1,7186,5,2,2,2,200,12,878,0,0,0,0,0,0,0,0,0,0,0,0
21,1,3773,0,6,2,2,200,12,878,0,0,0,0,0,0,0,0,0,0,0,0
