1,3,21793,17,4,2,2,200,12,879,0,0,0,0,0,0,0,0,0,0,0
2,3,17518,13,7,2,2,200,12,879,0,0,0,0,0,0,0,0,0,0,0
4,3,11533,9,3,2,1,200,12,879,0,0,0,0,0,0,0,0,0,0,0
4,3,8061,7,3,2,2,200,12,879,0,0,0,0,0,0,0,0,0,0,0
3,3,25399,20,1,2,2,200,12,879,0,0,0,0,0,0,0,0,0,0,0
5,3,1748,22,4,2,2,200,12,879,0,0,0,0,0,0,0,0,0,0,0
5,3,19956,13,5,2,2,200,12,879,0,0,0,0,0,0,0,0,0,0,0
7,3,3647,0,6,2,2,200,12,879,0,0,0,0,0,0,0,0,0,0,0
7,3,13455,10,6,2,2,200,12,879,0,0,0,0,0,0,0,0,0,0,0
8,2,11778,10,4,2,2,200,12,879,0,0,0,0,0,0,0,0,0,0,0
8,2,22754,18,4,2,2,200,12,879,0,0,0,0,0,0,0,0,0,0,0
9,2,22168,15,7,2,2,200,12,879,0,0,0,0,0,0,0,0,0,0,0
9,2,21880,15,7,2,2,200,12,879,0,0,0,0,0,0,0,0,0,0,0
10,2,8858,8,1,2,2,200,12,879,0,0,0,0,0,0,0,0,0,0,0
12,2,26246,19,5,2,2,200,12,879,0,0,0,0,0,0,0,0,0,0,0
15,1,20498,16,4,2,2,200,12,879,0,0,0,0,0,0,0,0,0,0,0
16,1,14819,10,7,2,2,200,12,879,0,0,0,0,0,0,0,0,0,0,0
19,1,27462,18,5,2,2,200,12,879,0,0,0,0,0,0,0,0,0,0,0
19,1,25462,17,5,2,2,200,12,879,0,0,0,0,0,0,0,0,0,0,0
20,1,11020,9,2,2,1,200,12,879,0,0,0,0,0,0,0,0,0,0,0
21,1,6711,5,6,2,2,200,12,879,0,0,0,0,0,0,0,0,0,0,0
1,3,12850,10,4,2,2,200,12,879,0,0,0,0,0,0,0,0,0,0,0
3,3,8152,7,1,2,1,200,12,879,0,0,0,0,0,0,0,0,0,0,0
4,3,4670,3,3,2,2,200,12,879,0,0,0,0,0,0,0,0,0,0,0
6,3,12946,9,2,2,2,200,12,879,0,0,0,0,0,0,0,0,0,0,0
7,3,25232,18,6,2,1,200,12,879,0,0,0,0,0,0,0,0,0,0,0
10,2,1531,22,7,2,2,200,12,879,0,0,0,0,0,0,0,0,0,0,0
10,2,23675,18,1,2,2,200,12,879,0,0,0,0,0,0,0,0,0,0,0
12,2,19511,14,5,2,2,200,12,879,0,0,0,0,0,0,0,0,0,0,0
14,2,22209,16,6,2,1,200,12,879,0,0,0,0,0,0,0,0,0,0,0
16,1,25892,19,7,2,2,200,12,879,0,0,0,0,0,0,0,0,0,0,0
19,1,28055,19,5,2,2,200,12,879,0,0,0,0,0,0,0,0,0,0,0
2,3,21280,16,7,2,2,200,12,879,0,0,0,0,0,0,0,0,0,0,0
6,3,2099,23,1,2,2,200,12,879,0,0,0,0,0,0,0,0,0,0,0
6,3,6147,3,2,2,2,200,12,879,0,0,0,0,0,0,0,0,0,0,0
8,2,10340,9,4,2,2,200,12,879,0,0,0,0,0,0,0,0,0,0,0
11,2,24393,20,3,2,2,200,12,879,0,0,0,0,0,0,0,0,0,0,0
12,2,18248,13,5,2,2,200,12,879,0,0,0,0,0,0,0,0,0,0,0
19,1,11112,7,5,2,2,200,12,879,0,0,0,0,0,0,0,0,0,0,0
19,1,28088,19,5,2,2,200,12,879,0,0,0,0,0,0,0,0,0,0,0
19,1,21240,14,5,2,2,200,12,879,0,0,0,0,0,0,0,0,0,0,0
21,1,22393,17,6,2,2,200,12,879,0,0,0,0,0,0,0,0,0,0,0
1,3,12452,10,4,2,2,200,12,879,0,0,0,0,0,0,0,0,0,0,0
3,3,10618,9,1,2,1,200,12,879,0,0,0,0,0,0,0,0,0,0,0
4,3,21392,17,3,2,1,200,12,879,0,0,0,0,0,0,0,0,0,0,0
5,3,10967,8,5,2,2,200,12,879,0,0,0,0,0,0,0,0,0,0,0
8,2,6149,4,4,2,2,200,12,879,0,0,0,0,0,0,0,0,0,0,0
10,2,22557,17,1,2,2,200,12,879,0,0,0,0,0,0,0,0,0,0,0
10,2,21629,17,1,2,1,200,12,879,0,0,0,0,0,0,0,0,0,0,0
11,2,23066,19,3,2,2,200,12,879,0,0,0,0,0,0,0,0,0,0,0
12,2,13545,10,5,2,2,200,12,879,0,0,0,0,0,0,0,0,0,0,0
15,1,14533,11,4,2,2,200,12,879,0,0,0,0,0,0,0,0,0,0,0
17,1,21006,16,1,2,2,200,12,879,0,0,0,0,0,0,0,0,0,0,0
20,1,25151,19,2,2,2,200,12,879,0,0,0,0,0,0,0,0,0,0,0
20,1,17007,13,2,2,2,200,12,879,0,0,0,0,0,0,0,0,0,0,0
21,1,26298,20,6,2,2,200,12,879,0,0,0,0,0,0,0,0,0,0,0
2,3,914,21,6,2,2,200,12,879,0,0,0,0,0,0,0,0,0,0,0
5,3,1400,22,4,2,2,200,12,879,0,0,0,0,0,0,0,0,0,0,0
4,3,18049,15,3,2,2,200,12,879,0,0,0,0,0,0,0,0,0,0,0
8,2,22870,18,4,2,2,200,12,879,0,0,0,0,0,0,0,0,0,0,0
11,2,5131,3,3,2,2,200,12,879,0,0,0,0,0,0,0,0,0,0,0
12,2,27674,20,5,2,2,200,12,879,0,0,0,0,0,0,0,0,0,0,0
14,2,13524,10,6,2,2,200,12,879,0,0,0,0,0,0,0,0,0,0,0
14,2,13508,10,6,2,2,200,12,879,0,0,0,0,0,0,0,0,0,0,0
16,1,16007,11,7,2,2,200,12,879,0,0,0,0,0,0,0,0,0,0,0
16,1,13143,9,7,2,2,200,12,879,0,0,0,0,0,0,0,0,0,0,0
17,1,15,21,7,2,2,200,12,879,0,0,0,0,0,0,0,0,0,0,0
17,1,19823,15,1,2,2,200,12,879,0,0,0,0,0,0,0,0,0,0,0
19,1,27914,19,5,2,2,200,12,879,0,0,0,0,0,0,0,0,0,0,0
20,1,10000,8,2,2,2,200,12,879,0,0,0,0,0,0,0,0,0,0,0
1,3,23862,18,4,2,2,200,12,879,0,0,0,0,0,0,0,0,0,0,0
4,3,15218,13,3,2,2,200,12,879,0,0,0,0,0,0,0,0,0,0,0
5,3,13129,9,5,2,1,200,12,879,0,0,0,0,0,0,0,0,0,0,0
5,3,29577,19,5,2,2,200,12,879,0,0,0,0,0,0,0,0,0,0,0
8,2,14487,12,4,2,1,200,12,879,0,0,0,0,0,0,0,0,0,0,0
9,2,11741,7,7,2,2,200,12,879,0,0,0,0,0,0,0,0,0,0,0
10,2,2991,0,1,2,2,200,12,879,0,0,0,0,0,0,0,0,0,0,0
9,2,27325,19,7,2,2,200,12,879,0,0,0,0,0,0,0,0,0,0,0
12,2,10571,8,5,2,1,200,12,879,0,0,0,0,0,0,0,0,0,0,0
12,2,25835,18,5,2,2,200,12,879,0,0,0,0,0,0,0,0,0,0,0
13,2,6134,3,2,2,2,200,12,879,0,0,0,0,0,0,0,0,0,0,0
14,2,4181,1,6,2,2,200,12,879,0,0,0,0,0,0,0,0,0,0,0
13,2,27638,20,2,2,2,200,12,879,0,0,0,0,0,0,0,0,0,0,0
15,1,17735,13,4,2,2,200,12,879,0,0,0,0,0,0,0,0,0,0,0
16,1,11416,8,7,2,2,200,12,879,0,0,0,0,0,0,0,0,0,0,0
17,1,21184,16,1,2,2,200,12,879,0,0,0,0,0,0,0,0,0,0,0
19,1,3163,0,5,2,2,200,12,879,0,0,0,0,0,0,0,0,0,0,0
19,1,1675,22,4,2,2,200,12,879,0,0,0,0,0,0,0,0,0,0,0
20,1,1313,21,1,2,2,200,12,879,0,0,0,0,0,0,0,0,0,0,0
2,3,14212,10,7,2,2,200,12,879,0,0,0,0,0,0,0,0,0,0,0
2,3,25476,18,7,2,2,200,12,879,0,0,0,0,0,0,0,0,0,0,0
4,3,17795,15,3,2,2,200,12,879,0,0,0,0,0,0,0,0,0,0,0
6,3,13863,10,2,2,2,200,12,879,0,0,0,0,0,0,0,0,0,0,0
7,3,10869,8,6,2,2,200,12,879,0,0,0,0,0,0,0,0,0,0,0
8,2,18616,15,4,2,2,200,12,879,1,1,1,1,1,2,1,1,1,1,1
10,2,656,21,7,2,2,200,12,879,0,0,0,0,0,0,0,0,0,0,0
9,2,23998,17,7,2,2,200,12,879,0,0,0,0,0,0,0,0,0,0,0
10,2,25760,20,1,2,2,200,12,879,0,0,0,0,0,0,0,0,0,0,0
11,2,19821,16,3,2,2,200,12,879,0,0,0,0,0,0,0,0,0,0,0
13,2,2391,23,1,2,1,200,12,879,0,0,0,0,0,0,0,0,0,0,0
13,2,15223,11,2,2,2,200,12,879,0,0,0,0,0,0,0,0,0,0,0
14,2,5494,2,6,2,2,200,12,879,0,0,0,0,0,0,0,0,0,0,0
14,2,2118,23,5,2,2,200,12,879,0,0,0,0,0,0,0,0,0,0,0
14,2,19814,14,6,2,2,200,12,879,0,0,0,0,0,0,0,0,0,0,0
17,1,18177,14,1,2,2,200,12,879,0,0,0,0,0,0,0,0,0,0,0
18,1,12340,10,3,2,2,200,12,879,0,0,0,0,0,0,0,0,0,0,0
21,1,25965,19,6,2,2,200,12,879,0,0,0,0,0,0,0,0,0,0,0
21,1,23677,18,6,2,2,200,12,879,0,0,0,0,0,0,0,0,0,0,0
