1,3,11201,9,4,2,2,200,12,882,0,0,0,0,0,0,0,0,0,0,0,0,0,0,0,0
1,3,3905,0,4,2,2,200,12,882,0,0,0,0,0,0,0,0,0,0,0,0,0,0,0,0
2,3,5326,2,7,2,2,200,12,882,0,0,0,0,0,0,0,0,0,0,0,0,0,0,0,0
3,3,6599,5,1,2,2,200,12,882,0,0,0,0,0,0,0,0,0,0,0,0,0,0,0,0
3,3,6455,5,1,2,2,200,12,882,0,0,0,0,0,0,0,0,0,0,0,0,0,0,0,0
4,3,12013,10,3,2,1,200,12,882,0,0,0,0,0,0,0,0,0,0,0,0,0,0,0,0
4,3,4621,3,3,2,2,200,12,882,0,0,0,0,0,0,0,0,0,0,0,0,0,0,0,0
4,3,2045,23,2,2,2,200,12,882,0,0,0,0,0,0,0,0,0,0,0,0,0,0,0,0
4,3,1821,23,2,2,2,200,12,882,0,0,0,0,0,0,0,0,0,0,0,0,0,0,0,0
3,3,25799,20,1,2,2,200,12,882,0,0,0,0,0,0,0,0,0,0,0,0,0,0,0,0
5,3,13124,9,5,2,1,200,12,882,0,0,0,0,0,0,0,0,0,0,0,0,0,0,0,0
5,3,11940,8,5,2,2,200,12,882,0,0,0,0,0,0,0,0,0,0,0,0,0,0,0,0
5,3,27876,18,5,2,2,200,12,882,0,0,0,0,0,0,0,0,0,0,0,0,0,0,0,0
6,3,14497,11,2,2,2,200,12,882,0,0,0,0,0,0,0,0,0,0,0,0,0,0,0,0
6,3,27313,20,2,2,2,200,12,882,0,0,0,0,0,0,0,0,0,0,0,0,0,0,0,0
9,2,2840,23,6,2,2,200,12,882,0,0,0,0,0,0,0,0,0,0,0,0,0,0,0,0
10,2,1434,22,7,2,2,200,12,882,0,0,0,0,0,0,0,0,0,0,0,0,0,0,0,0
10,2,15962,13,1,2,2,200,12,882,0,0,0,0,0,0,0,0,0,0,0,0,0,0,0,0
10,2,10426,9,1,2,2,200,12,882,0,0,0,0,0,0,0,0,0,0,0,0,0,0,0,0
10,2,24490,19,1,2,2,200,12,882,0,0,0,0,0,0,0,0,0,0,0,0,0,0,0,0
10,2,20874,16,1,2,1,200,12,882,0,0,0,0,0,0,0,0,0,0,0,0,0,0,0,0
11,2,21991,18,3,2,2,200,12,882,0,0,0,0,0,0,0,0,0,0,0,0,0,0,0,0
11,2,15383,14,3,2,2,200,12,882,0,0,0,0,0,0,0,0,0,0,0,0,0,0,0,0
12,2,14982,11,5,2,2,200,12,882,0,0,0,0,0,0,0,0,0,0,0,0,0,0,0,0
13,2,2657,23,1,2,2,200,12,882,0,0,0,0,0,0,0,0,0,0,0,0,0,0,0,0
12,2,28438,20,5,2,2,200,12,882,0,0,0,0,0,0,0,0,0,0,0,0,0,0,0,0
12,2,23718,17,5,2,2,200,12,882,0,0,0,0,0,0,0,0,0,0,0,0,0,0,0,0
15,1,4882,0,4,2,2,200,12,882,0,0,0,0,0,0,0,0,0,0,0,0,0,0,0,0
17,1,26731,19,1,2,2,200,12,882,0,0,0,0,0,0,0,0,0,0,0,0,0,0,0,0
18,1,18286,15,3,2,2,200,12,882,0,0,0,0,0,0,0,0,0,0,0,0,0,0,0,0
19,1,19350,13,5,2,2,200,12,882,0,0,0,0,0,0,0,0,0,0,0,0,0,0,0,0
20,1,15132,12,2,2,2,200,12,882,0,0,0,0,0,0,0,0,0,0,0,0,0,0,0,0
20,1,11932,9,2,2,2,200,12,882,0,0,0,0,0,0,0,0,0,0,0,0,0,0,0,0
20,1,4028,1,2,2,2,200,12,882,0,0,0,0,0,0,0,0,0,0,0,0,0,0,0,0
20,1,21628,17,2,2,2,200,12,882,0,0,0,0,0,0,0,0,0,0,0,0,0,0,0,0
20,1,18380,14,2,2,2,200,12,882,0,0,0,0,0,0,0,0,0,0,0,0,0,0,0,0
21,1,26727,20,6,2,2,200,12,882,0,0,0,0,0,0,0,0,0,0,0,0,0,0,0,0
21,1,25911,19,6,2,2,200,12,882,0,0,0,0,0,0,0,0,0,0,0,0,0,0,0,0
21,1,25207,19,6,2,2,200,12,882,0,0,0,0,0,0,0,0,0,0,0,0,0,0,0,0
21,1,23719,18,6,2,2,200,12,882,0,0,0,0,0,0,0,0,0,0,0,0,0,0,0,0
1,3,14418,12,4,2,2,200,12,882,0,0,0,0,0,0,0,0,0,0,0,0,0,0,0,0
1,3,8354,6,4,2,2,200,12,882,0,0,0,0,0,0,0,0,0,0,0,0,0,0,0,0
1,3,22306,17,4,2,2,200,12,882,0,0,0,0,0,0,0,0,0,0,0,0,0,0,0,0
1,3,17874,15,4,2,1,200,12,882,0,0,0,0,0,0,0,0,0,0,0,0,0,0,0,0
3,3,24488,19,1,2,2,200,12,882,0,0,0,0,0,0,0,0,0,0,0,0,0,0,0,0
3,3,12792,11,1,2,2,200,12,882,0,0,0,0,0,0,0,0,0,0,0,0,0,0,0,0
4,3,5006,3,3,2,2,200,12,882,0,0,0,0,0,0,0,0,0,0,0,0,0,0,0,0
4,3,2766,0,3,2,2,200,12,882,0,0,0,0,0,0,0,0,0,0,0,0,0,0,0,0
3,3,25704,20,1,2,2,200,12,882,0,0,0,0,0,0,0,0,0,0,0,0,0,0,0,0
4,3,19102,16,3,2,2,200,12,882,0,0,0,0,0,0,0,0,0,0,0,0,0,0,0,0
6,3,16674,12,2,2,2,200,12,882,0,0,0,0,0,0,0,0,0,0,0,0,0,0,0,0
7,3,13808,10,6,2,2,200,12,882,0,0,0,0,0,0,0,0,0,0,0,0,0,0,0,0
7,3,10576,7,6,2,2,200,12,882,0,0,0,0,0,0,0,0,0,0,0,0,0,0,0,0
9,2,11353,7,7,2,2,200,12,882,0,0,0,0,0,0,0,0,0,0,0,0,0,0,0,0
9,2,2409,22,6,2,2,200,12,882,0,0,0,0,0,0,0,0,0,0,0,0,0,0,0,0
11,2,8360,7,3,2,2,200,12,882,0,0,0,0,0,0,0,0,0,0,0,0,0,0,0,0
11,2,2408,23,2,2,2,200,12,882,0,0,0,0,0,0,0,0,0,0,0,0,0,0,0,0
10,2,23227,18,1,2,2,200,12,882,0,0,0,0,0,0,0,0,0,0,0,0,0,0,0,0
11,2,11704,11,3,2,2,200,12,882,0,0,0,0,0,0,0,0,0,0,0,0,0,0,0,0
12,2,13527,10,5,2,1,200,12,882,0,0,0,0,0,0,0,0,0,0,0,0,0,0,0,0
14,2,1041,21,5,2,2,200,12,882,0,0,0,0,0,0,0,0,0,0,0,0,0,0,0,0
13,2,27042,20,2,2,2,200,12,882,0,0,0,0,0,0,0,0,0,0,0,0,0,0,0,0
13,2,26866,20,2,2,2,200,12,882,0,0,0,0,0,0,0,0,0,0,0,0,0,0,0,0
13,2,26354,19,2,2,2,200,12,882,0,0,0,0,0,0,0,0,0,0,0,0,0,0,0,0
13,2,25602,19,2,2,1,200,12,882,0,0,0,0,0,0,0,0,0,0,0,0,0,0,0,0
15,1,2739,23,3,2,2,200,12,882,0,0,0,0,0,0,0,0,0,0,0,0,0,0,0,0
14,2,28657,20,6,2,2,200,12,882,0,0,0,0,0,0,0,0,0,0,0,0,0,0,0,0
15,1,20979,16,4,2,1,200,12,882,0,0,0,0,0,0,0,0,0,0,0,0,0,0,0,0
16,1,13332,9,7,2,2,200,12,882,0,0,0,0,0,0,0,0,0,0,0,0,0,0,0,0
17,1,1404,22,7,2,2,200,12,882,0,0,0,0,0,0,0,0,0,0,0,0,0,0,0,0
17,1,17980,14,1,2,2,200,12,882,0,0,0,0,0,0,0,0,0,0,0,0,0,0,0,0
18,1,19087,16,3,2,2,200,12,882,0,0,0,0,0,0,0,0,0,0,0,0,0,0,0,0
18,1,11855,10,3,2,2,200,12,882,0,0,0,0,0,0,0,0,0,0,0,0,0,0,0,0
19,1,3095,23,4,2,2,200,12,882,0,0,0,0,0,0,0,0,0,0,0,0,0,0,0,0
19,1,19847,13,5,2,2,200,12,882,0,0,0,0,0,0,0,0,0,0,0,0,0,0,0,0
20,1,15901,13,2,2,2,200,12,882,0,0,0,0,0,0,0,0,0,0,0,0,0,0,0,0
20,1,8301,6,2,2,2,200,12,882,0,0,0,0,0,0,0,0,0,0,0,0,0,0,0,0
20,1,6765,4,2,2,2,200,12,882,0,0,0,0,0,0,0,0,0,0,0,0,0,0,0,0
21,1,3416,0,6,2,2,200,12,882,0,0,0,0,0,0,0,0,0,0,0,0,0,0,0,0
20,1,24349,19,2,2,2,200,12,882,0,0,0,0,0,0,0,0,0,0,0,0,0,0,0,0
2,3,4640,2,7,2,2,200,12,882,0,0,0,0,0,0,0,0,0,0,0,0,0,0,0,0
2,3,10432,7,7,2,2,200,12,882,0,0,0,0,0,0,0,0,0,0,0,0,0,0,0,0
2,3,22016,16,7,2,2,200,12,882,0,0,0,0,0,0,0,0,0,0,0,0,0,0,0,0
3,3,21945,17,1,2,2,200,12,882,0,0,0,0,0,0,0,0,0,0,0,0,0,0,0,0
3,3,16601,13,1,2,2,200,12,882,0,0,0,0,0,0,0,0,0,0,0,0,0,0,0,0
4,3,7695,6,3,2,2,200,12,882,0,0,0,0,0,0,0,0,0,0,0,0,0,0,0,0
4,3,6463,5,3,2,2,200,12,882,0,0,0,0,0,0,0,0,0,0,0,0,0,0,0,0
4,3,863,21,2,2,2,200,12,882,0,0,0,0,0,0,0,0,0,0,0,0,0,0,0,0
4,3,719,21,2,2,2,200,12,882,0,0,0,0,0,0,0,0,0,0,0,0,0,0,0,0
5,3,1382,22,4,2,2,200,12,882,0,0,0,0,0,0,0,0,0,0,0,0,0,0,0,0
5,3,15894,10,5,2,2,200,12,882,0,0,0,0,0,0,0,0,0,0,0,0,0,0,0,0
5,3,12470,8,5,2,2,200,12,882,0,0,0,0,0,0,0,0,0,0,0,0,0,0,0,0
6,3,4163,1,2,2,2,200,12,882,0,0,0,0,0,0,0,0,0,0,0,0,0,0,0,0
6,3,835,21,1,2,2,200,12,882,0,0,0,0,0,0,0,0,0,0,0,0,0,0,0,0
5,3,31270,20,5,2,2,200,12,882,0,0,0,0,0,0,0,0,0,0,0,0,0,0,0,0
5,3,26742,17,5,2,2,200,12,882,0,0,0,0,0,0,0,0,0,0,0,0,0,0,0,0
5,3,26646,17,5,2,2,200,12,882,0,0,0,0,0,0,0,0,0,0,0,0,0,0,0,0
6,3,19987,14,2,2,2,200,12,882,0,0,0,0,0,0,0,0,0,0,0,0,0,0,0,0
6,3,13619,10,2,2,2,200,12,882,0,0,0,0,0,0,0,0,0,0,0,0,0,0,0,0
7,3,833,21,5,2,2,200,12,882,0,0,0,0,0,0,0,0,0,0,0,0,0,0,0,0
8,2,2324,23,3,2,2,200,12,882,0,0,0,0,0,0,0,0,0,0,0,0,0,0,0,0
8,2,18596,15,4,2,2,200,12,882,1,1,1,1,1,2,1,1,1,1,1,0,0,0,0,0
8,2,14500,12,4,2,1,200,12,882,0,0,0,0,0,0,0,0,0,0,0,0,0,0,0,0
9,2,25658,17,7,2,2,200,12,882,0,0,0,0,0,0,0,0,0,0,0,0,0,0,0,0
9,2,22922,15,7,2,2,200,12,882,0,0,0,0,0,0,0,0,0,0,0,0,0,0,0,0
10,2,18860,15,1,2,2,200,12,882,0,0,0,0,0,0,0,0,0,0,0,0,0,0,0,0
10,2,7004,6,1,2,2,200,12,882,0,0,0,0,0,0,0,0,0,0,0,0,0,0,0,0
10,2,23036,18,1,2,2,200,12,882,0,0,0,0,0,0,0,0,0,0,0,0,0,0,0,0
11,2,24137,20,3,2,2,200,12,882,0,0,0,0,0,0,0,0,0,0,0,0,0,0,0,0
11,2,23001,18,3,2,2,200,12,882,0,0,0,0,0,0,0,0,0,0,0,0,0,0,0,0
12,2,28488,20,5,2,2,200,12,882,0,0,0,0,0,0,0,0,0,0,0,0,0,0,0,0
13,2,18275,13,2,2,2,200,12,882,0,0,0,0,0,0,0,0,0,0,0,0,0,0,0,0
14,2,1698,22,5,2,2,200,12,882,0,0,0,0,0,0,0,0,0,0,0,0,0,0,0,0
15,1,11076,8,4,2,1,200,12,882,0,0,0,0,0,0,0,0,0,0,0,0,0,0,0,0
14,2,28706,20,6,2,1,200,12,882,0,0,0,0,0,0,0,0,0,0,0,0,0,0,0,0
16,1,10853,7,7,2,2,200,12,882,0,0,0,0,0,0,0,0,0,0,0,0,0,0,0,0
17,1,2493,23,7,2,2,200,12,882,0,0,0,0,0,0,0,0,0,0,0,0,0,0,0,0
18,1,3888,2,3,2,1,200,12,882,0,0,0,0,0,0,0,0,0,0,0,0,0,0,0,0
18,1,23152,19,3,2,2,200,12,882,0,0,0,0,0,0,0,0,0,0,0,0,0,0,0,0
18,1,21712,18,3,2,2,200,12,882,0,0,0,0,0,0,0,0,0,0,0,0,0,0,0,0
18,1,12272,10,3,2,2,200,12,882,0,0,0,0,0,0,0,0,0,0,0,0,0,0,0,0
18,1,9600,8,3,2,1,200,12,882,0,0,0,0,0,0,0,0,0,0,0,0,0,0,0,0
20,1,6814,4,2,2,2,200,12,882,0,0,0,0,0,0,0,0,0,0,0,0,0,0,0,0
20,1,16990,13,2,2,2,200,12,882,0,0,0,0,0,0,0,0,0,0,0,0,0,0,0,0
21,1,7881,6,6,2,2,200,12,882,0,0,0,0,0,0,0,0,0,0,0,0,0,0,0,0
21,1,22025,17,6,2,2,200,12,882,0,0,0,0,0,0,0,0,0,0,0,0,0,0,0,0
2,3,2209,23,6,2,2,200,12,882,0,0,0,0,0,0,0,0,0,0,0,0,0,0,0,0
2,3,14113,10,7,2,2,200,12,882,0,0,0,0,0,0,0,0,0,0,0,0,0,0,0,0
2,3,10273,7,7,2,2,200,12,882,0,0,0,0,0,0,0,0,0,0,0,0,0,0,0,0
3,3,7338,6,1,2,2,200,12,882,0,0,0,0,0,0,0,0,0,0,0,0,0,0,0,0
2,3,24417,18,7,2,2,200,12,882,0,0,0,0,0,0,0,0,0,0,0,0,0,0,0,0
3,3,14874,12,1,2,2,200,12,882,0,0,0,0,0,0,0,0,0,0,0,0,0,0,0,0
3,3,14378,12,1,2,2,200,12,882,0,0,0,0,0,0,0,0,0,0,0,0,0,0,0,0
3,3,10890,9,1,2,2,200,12,882,0,0,0,0,0,0,0,0,0,0,0,0,0,0,0,0
4,3,2720,0,3,2,2,200,12,882,0,0,0,0,0,0,0,0,0,0,0,0,0,0,0,0
4,3,352,21,2,2,2,200,12,882,0,0,0,0,0,0,0,0,0,0,0,0,0,0,0,0
4,3,224,21,2,2,1,200,12,882,0,0,0,0,0,0,0,0,0,0,0,0,0,0,0,0
5,3,3111,0,5,2,2,200,12,882,0,0,0,0,0,0,0,0,0,0,0,0,0,0,0,0
5,3,14007,9,5,2,2,200,12,882,0,0,0,0,0,0,0,0,0,0,0,0,0,0,0,0
6,3,3652,0,2,2,2,200,12,882,0,0,0,0,0,0,0,0,0,0,0,0,0,0,0,0
6,3,388,21,1,2,2,200,12,882,0,0,0,0,0,0,0,0,0,0,0,0,0,0,0,0
5,3,26999,17,5,2,2,200,12,882,0,0,0,0,0,0,0,0,0,0,0,0,0,0,0,0
5,3,22151,14,5,2,2,200,12,882,0,0,0,0,0,0,0,0,0,0,0,0,0,0,0,0
7,3,24178,17,6,2,2,200,12,882,0,0,0,0,0,0,0,0,0,0,0,0,0,0,0,0
7,3,18402,14,6,2,2,200,12,882,0,0,0,0,0,0,0,0,0,0,0,0,0,0,0,0
8,2,8565,7,4,2,2,200,12,882,0,0,0,0,0,0,0,0,0,0,0,0,0,0,0,0
7,3,26290,19,6,2,2,200,12,882,0,0,0,0,0,0,0,0,0,0,0,0,0,0,0,0
8,2,13509,11,4,2,2,200,12,882,0,0,0,0,0,0,0,0,0,0,0,0,0,0,0,0
9,2,14795,10,7,2,2,200,12,882,0,0,0,0,0,0,0,0,0,0,0,0,0,0,0,0
9,2,7851,4,7,2,2,200,12,882,0,0,0,0,0,0,0,0,0,0,0,0,0,0,0,0
9,2,4187,0,7,2,2,200,12,882,0,0,0,0,0,0,0,0,0,0,0,0,0,0,0,0
10,2,17725,14,1,2,2,200,12,882,0,0,0,0,0,0,0,0,0,0,0,0,0,0,0,0
12,2,6089,4,5,2,1,200,12,882,0,0,0,0,0,0,0,0,0,0,0,0,0,0,0,0
12,2,18777,13,5,2,2,200,12,882,0,0,0,0,0,0,0,0,0,0,0,0,0,0,0,0
13,2,17972,13,2,2,2,200,12,882,0,0,0,0,0,0,0,0,0,0,0,0,0,0,0,0
13,2,15428,11,2,2,1,200,12,882,0,0,0,0,0,0,0,0,0,0,0,0,0,0,0,0
13,2,15268,11,2,2,2,200,12,882,0,0,0,0,0,0,0,0,0,0,0,0,0,0,0,0
13,2,24916,19,2,2,2,200,12,882,0,0,0,0,0,0,0,0,0,0,0,0,0,0,0,0
14,2,18819,13,6,2,2,200,12,882,0,0,0,0,0,0,0,0,0,0,0,0,0,0,0,0
14,2,14163,10,6,2,1,200,12,882,0,0,0,0,0,0,0,0,0,0,0,0,0,0,0,0
14,2,24643,17,6,2,2,200,12,882,0,0,0,0,0,0,0,0,0,0,0,0,0,0,0,0
15,1,26277,20,4,2,2,200,12,882,0,0,0,0,0,0,0,0,0,0,0,0,0,0,0,0
15,1,26053,20,4,2,2,200,12,882,0,0,0,0,0,0,0,0,0,0,0,0,0,0,0,0
15,1,19509,15,4,2,2,200,12,882,0,0,0,0,0,0,0,0,0,0,0,0,0,0,0,0
17,1,3310,0,1,2,2,200,12,882,0,0,0,0,0,0,0,0,0,0,0,0,0,0,0,0
16,1,26038,19,7,2,2,200,12,882,0,0,0,0,0,0,0,0,0,0,0,0,0,0,0,0
17,1,6158,3,1,2,2,200,12,882,0,0,0,0,0,0,0,0,0,0,0,0,0,0,0,0
18,1,2065,23,2,2,2,200,12,882,0,0,0,0,0,0,0,0,0,0,0,0,0,0,0,0
20,1,10191,8,2,2,2,200,12,882,0,0,0,0,0,0,0,0,0,0,0,0,0,0,0,0
20,1,7519,5,2,2,2,200,12,882,0,0,0,0,0,0,0,0,0,0,0,0,0,0,0,0
21,1,16442,12,6,2,2,200,12,882,0,0,0,0,0,0,0,0,0,0,0,0,0,0,0,0
21,1,7002,5,6,2,2,200,12,882,0,0,0,0,0,0,0,0,0,0,0,0,0,0,0,0
1,3,22853,18,4,2,2,200,12,882,0,0,0,0,0,0,0,0,0,0,0,0,0,0,0,0
3,3,8283,7,1,2,2,200,12,882,0,0,0,0,0,0,0,0,0,0,0,0,0,0,0,0
3,3,12475,11,1,2,2,200,12,882,0,0,0,0,0,0,0,0,0,0,0,0,0,0,0,0
3,3,10875,9,1,2,2,200,12,882,0,0,0,0,0,0,0,0,0,0,0,0,0,0,0,0
3,3,9611,8,1,2,2,200,12,882,0,0,0,0,0,0,0,0,0,0,0,0,0,0,0,0
4,3,6625,5,3,2,2,200,12,882,0,0,0,0,0,0,0,0,0,0,0,0,0,0,0,0
3,3,25691,20,1,2,2,200,12,882,0,0,0,0,0,0,0,0,0,0,0,0,0,0,0,0
4,3,22433,18,3,2,2,200,12,882,0,0,0,0,0,0,0,0,0,0,0,0,0,0,0,0
4,3,21521,18,3,2,2,200,12,882,0,0,0,0,0,0,0,0,0,0,0,0,0,0,0,0
4,3,19617,16,3,2,2,200,12,882,0,0,0,0,0,0,0,0,0,0,0,0,0,0,0,0
4,3,17233,14,3,2,2,200,12,882,0,0,0,0,0,0,0,0,0,0,0,0,0,0,0,0
4,3,14913,12,3,2,2,200,12,882,0,0,0,0,0,0,0,0,0,0,0,0,0,0,0,0
5,3,16392,11,5,2,2,200,12,882,0,0,0,0,0,0,0,0,0,0,0,0,0,0,0,0
6,3,3653,0,2,2,2,200,12,882,0,0,0,0,0,0,0,0,0,0,0,0,0,0,0,0
5,3,21544,14,5,2,2,200,12,882,0,0,0,0,0,0,0,0,0,0,0,0,0,0,0,0
6,3,18709,14,2,2,2,200,12,882,0,0,0,0,0,0,0,0,0,0,0,0,0,0,0,0
6,3,18309,13,2,2,2,200,12,882,0,0,0,0,0,0,0,0,0,0,0,0,0,0,0,0
6,3,11429,8,2,2,1,200,12,882,0,0,0,0,0,0,0,0,0,0,0,0,0,0,0,0
7,3,7347,4,6,2,2,200,12,882,0,0,0,0,0,0,0,0,0,0,0,0,0,0,0,0
6,3,21669,16,2,2,1,200,12,882,0,0,0,0,0,0,0,0,0,0,0,0,0,0,0,0
9,2,27036,18,7,2,2,200,12,882,0,0,0,0,0,0,0,0,0,0,0,0,0,0,0,0
9,2,26284,18,7,2,2,200,12,882,0,0,0,0,0,0,0,0,0,0,0,0,0,0,0,0
10,2,12398,11,1,2,2,200,12,882,0,0,0,0,0,0,0,0,0,0,0,0,0,0,0,0
10,2,23998,18,1,2,2,200,12,882,0,0,0,0,0,0,0,0,0,0,0,0,0,0,0,0
12,2,7818,6,5,2,2,200,12,882,0,0,0,0,0,0,0,0,0,0,0,0,0,0,0,0
12,2,1914,22,4,2,2,200,12,882,0,0,0,0,0,0,0,0,0,0,0,0,0,0,0,0
13,2,2389,23,1,2,1,200,12,882,0,0,0,0,0,0,0,0,0,0,0,0,0,0,0,0
12,2,27514,20,5,2,1,200,12,882,0,0,0,0,0,0,0,0,0,0,0,0,0,0,0,0
13,2,18709,14,2,2,2,200,12,882,0,0,0,0,0,0,0,0,0,0,0,0,0,0,0,0
13,2,15797,12,2,2,2,200,12,882,0,0,0,0,0,0,0,0,0,0,0,0,0,0,0,0
13,2,23989,18,2,2,2,200,12,882,0,0,0,0,0,0,0,0,0,0,0,0,0,0,0,0
15,1,9014,6,4,2,2,200,12,882,0,0,0,0,0,0,0,0,0,0,0,0,0,0,0,0
15,1,8454,6,4,2,2,200,12,882,0,0,0,0,0,0,0,0,0,0,0,1,1,1,2,1
15,1,3014,23,3,2,2,200,12,882,0,0,0,0,0,0,0,0,0,0,0,0,0,0,0,0
15,1,21222,16,4,2,2,200,12,882,0,0,0,0,0,0,0,0,0,0,0,0,0,0,0,0
16,1,15111,11,7,2,1,200,12,882,0,0,0,0,0,0,0,0,0,0,0,0,0,0,0,0
17,1,13807,10,1,2,2,200,12,882,0,0,0,0,0,0,0,0,0,0,0,0,0,0,0,0
17,1,23407,17,1,2,2,200,12,882,0,0,0,0,0,0,0,0,0,0,0,0,0,0,0,0
18,1,21090,17,3,2,2,200,12,882,0,0,0,0,0,0,0,0,0,0,0,0,0,0,0,0
18,1,11826,10,3,2,2,200,12,882,0,0,0,0,0,0,0,0,0,0,0,0,0,0,0,0
19,1,25018,17,5,2,2,200,12,882,0,0,0,0,0,0,0,0,0,0,0,0,0,0,0,0
19,1,21770,15,5,2,2,200,12,882,0,0,0,0,0,0,0,0,0,0,0,0,0,0,0,0
20,1,12560,10,2,2,2,200,12,882,0,0,0,0,0,0,0,0,0,0,0,0,0,0,0,0
21,1,11,21,5,2,2,200,12,882,0,0,0,0,0,0,0,0,0,0,0,0,0,0,0,0
20,1,26640,20,2,2,2,200,12,882,0,0,0,0,0,0,0,0,0,0,0,0,0,0,0,0
20,1,23520,18,2,2,2,200,12,882,0,0,0,0,0,0,0,0,0,0,0,0,0,0,0,0
20,1,19088,15,2,2,2,200,12,882,0,0,0,0,0,0,0,0,0,0,0,0,0,0,0,0
21,1,18939,14,6,2,2,200,12,882,0,0,0,0,0,0,0,0,0,0,0,0,0,0,0,0
21,1,10459,8,6,2,2,200,12,882,0,0,0,0,0,0,0,0,0,0,0,0,0,0,0,0
21,1,25467,19,6,2,2,200,12,882,0,0,0,0,0,0,0,0,0,0,0,0,0,0,0,0
2,3,4451,2,7,2,2,200,12,882,0,0,0,0,0,0,0,0,0,0,0,0,0,0,0,0
2,3,2211,23,6,2,2,200,12,882,0,0,0,0,0,0,0,0,0,0,0,0,0,0,0,0
2,3,19667,15,7,2,2,200,12,882,0,0,0,0,0,0,0,0,0,0,0,0,0,0,0,0
2,3,7059,4,7,2,2,200,12,882,0,0,0,0,0,0,0,0,0,0,0,0,0,0,0,0
3,3,7452,6,1,2,2,200,12,882,0,0,0,0,0,0,0,0,0,0,0,0,0,0,0,0
3,3,1228,22,7,2,2,200,12,882,0,0,0,0,0,0,0,0,0,0,0,0,0,0,0,0
4,3,13650,11,3,2,2,200,12,882,0,0,0,0,0,0,0,0,0,0,0,0,0,0,0,0
4,3,9778,8,3,2,1,200,12,882,0,0,0,0,0,0,0,0,0,0,0,0,0,0,0,0
5,3,1897,22,4,2,2,200,12,882,0,0,0,0,0,0,0,0,0,0,0,0,0,0,0,0
4,3,20370,17,3,2,2,200,12,882,0,0,0,0,0,0,0,0,0,0,0,0,0,0,0,0
4,3,15554,13,3,2,2,200,12,882,0,0,0,0,0,0,0,0,0,0,0,0,0,0,0,0
5,3,27321,18,5,2,2,200,12,882,0,0,0,0,0,0,0,0,0,0,0,0,0,0,0,0
6,3,6934,4,2,2,2,200,12,882,0,0,0,0,0,0,0,0,0,0,0,0,0,0,0,0
7,3,7748,4,6,2,2,200,12,882,0,0,0,0,0,0,0,0,0,0,0,0,0,0,0,0
7,3,10756,7,6,2,2,200,12,882,0,0,0,0,0,0,0,0,0,0,0,0,0,0,0,0
8,2,23,21,3,2,2,200,12,882,0,0,0,0,0,0,0,0,0,0,0,0,0,0,0,0
9,2,1597,21,6,2,2,200,12,882,0,0,0,0,0,0,0,0,0,0,0,0,0,0,0,0
8,2,24295,19,4,2,2,200,12,882,0,0,0,0,0,0,0,0,0,0,0,0,0,0,0,0
8,2,22839,18,4,2,2,200,12,882,0,0,0,0,0,0,0,0,0,0,0,0,0,0,0,0
10,2,1375,22,7,2,2,200,12,882,0,0,0,0,0,0,0,0,0,0,0,0,0,0,0,0
10,2,9167,8,1,2,2,200,12,882,0,0,0,0,0,0,0,0,0,0,0,0,0,0,0,0
11,2,7244,6,3,2,2,200,12,882,0,0,0,0,0,0,0,0,0,0,0,0,0,0,0,0
11,2,13196,12,3,2,2,200,12,882,0,0,0,0,0,0,0,0,0,0,0,0,0,0,0,0
11,2,10940,10,3,2,2,200,12,882,0,0,0,0,0,0,0,0,0,0,0,0,0,0,0,0
12,2,16907,12,5,2,2,200,12,882,0,0,0,0,0,0,0,0,0,0,0,0,0,0,0,0
12,2,25019,18,5,2,2,200,12,882,0,0,0,0,0,0,0,0,0,0,0,0,0,0,0,0
12,2,19147,13,5,2,2,200,12,882,0,0,0,0,0,0,0,0,0,0,0,0,0,0,0,0
12,2,17291,12,5,2,2,200,12,882,0,0,0,0,0,0,0,0,0,0,0,0,0,0,0,0
13,2,15334,11,2,2,2,200,12,882,0,0,0,0,0,0,0,0,0,0,0,0,0,0,0,0
13,2,4390,1,2,2,2,200,12,882,0,0,0,0,0,0,0,0,0,0,0,0,0,0,0,0
13,2,27302,20,2,2,2,200,12,882,0,0,0,0,0,0,0,0,0,0,0,0,0,0,0,0
14,2,23669,17,6,2,2,200,12,882,0,0,0,0,0,0,0,0,0,0,0,0,0,0,0,0
14,2,16341,12,6,2,2,200,12,882,0,0,0,0,0,0,0,0,0,0,0,0,0,0,0,0
15,1,11127,8,4,2,2,200,12,882,0,0,0,0,0,0,0,0,0,0,0,0,0,0,0,0
16,1,11448,8,7,2,2,200,12,882,0,0,0,0,0,0,0,0,0,0,0,0,0,0,0,0
17,1,2448,23,7,2,2,200,12,882,0,0,0,0,0,0,0,0,0,0,0,0,0,0,0,0
18,1,1779,23,2,2,2,200,12,882,0,0,0,0,0,0,0,0,0,0,0,0,0,0,0,0
19,1,5211,2,5,2,2,200,12,882,0,0,0,0,0,0,0,0,0,0,0,0,0,0,0,0
19,1,28203,19,5,2,2,200,12,882,0,0,0,0,0,0,0,0,0,0,0,0,0,0,0,0
19,1,17947,12,5,2,2,200,12,882,0,0,0,0,0,0,0,0,0,0,0,0,0,0,0,0
19,1,14891,10,5,2,2,200,12,882,0,0,0,0,0,0,0,0,0,0,0,0,0,0,0,0
20,1,2353,22,1,2,2,200,12,882,0,0,0,0,0,0,0,0,0,0,0,0,0,0,0,0
20,1,23361,18,2,2,2,200,12,882,0,0,0,0,0,0,0,0,0,0,0,0,0,0,0,0
20,1,17169,14,2,2,2,200,12,882,0,0,0,0,0,0,0,0,0,0,0,0,0,0,0,0
21,1,13372,10,6,2,2,200,12,882,0,0,0,0,0,0,0,0,0,0,0,0,0,0,0,0
21,1,24396,18,6,2,1,200,12,882,0,0,0,0,0,0,0,0,0,0,0,0,0,0,0,0
1,3,10647,9,4,2,2,200,12,882,0,0,0,0,0,0,0,0,0,0,0,0,0,0,0,0
1,3,26935,20,4,2,2,200,12,882,0,0,0,0,0,0,0,0,0,0,0,0,0,0,0,0
1,3,23447,18,4,2,2,200,12,882,0,0,0,0,0,0,0,0,0,0,0,0,0,0,0,0
3,3,8157,7,1,2,1,200,12,882,0,0,0,0,0,0,0,0,0,0,0,0,0,0,0,0
3,3,14829,12,1,2,2,200,12,882,0,0,0,0,0,0,0,0,0,0,0,0,0,0,0,0
3,3,10877,9,1,2,2,200,12,882,0,0,0,0,0,0,0,0,0,0,0,0,0,0,0,0
3,3,10605,9,1,2,1,200,12,882,0,0,0,0,0,0,0,0,0,0,0,0,0,0,0,0
5,3,650,21,4,2,2,200,12,882,0,0,0,0,0,0,0,0,0,0,0,0,0,0,0,0
5,3,15898,10,5,2,2,200,12,882,0,0,0,0,0,0,0,0,0,0,0,0,0,0,0,0
5,3,11354,8,5,2,2,200,12,882,0,0,0,0,0,0,0,0,0,0,0,0,0,0,0,0
5,3,26746,17,5,2,2,200,12,882,0,0,0,0,0,0,0,0,0,0,0,0,0,0,0,0
6,3,7079,4,2,2,2,200,12,882,0,0,0,0,0,0,0,0,0,0,0,0,0,0,0,0
7,3,8629,5,6,2,2,200,12,882,0,0,0,0,0,0,0,0,0,0,0,0,0,0,0,0
6,3,27063,20,2,2,2,200,12,882,0,0,0,0,0,0,0,0,0,0,0,0,0,0,0,0
7,3,20869,15,6,2,2,200,12,882,0,0,0,0,0,0,0,0,0,0,0,0,0,0,0,0
7,3,9477,6,6,2,2,200,12,882,0,0,0,0,0,0,0,0,0,0,0,0,0,0,0,0
8,2,25176,20,4,2,2,200,12,882,0,0,0,0,0,0,0,0,0,0,0,0,0,0,0,0
9,2,17054,12,7,2,2,200,12,882,0,0,0,0,0,0,0,0,0,0,0,0,0,0,0,0
9,2,14862,10,7,2,2,200,12,882,0,0,0,0,0,0,0,0,0,0,0,0,0,0,0,0
9,2,24542,17,7,2,2,200,12,882,0,0,0,0,0,0,0,0,0,0,0,0,0,0,0,0
10,2,10432,9,1,2,2,200,12,882,0,0,0,0,0,0,0,0,0,0,0,0,0,0,0,0
10,2,8160,7,1,2,2,200,12,882,0,0,0,0,0,0,0,0,0,0,0,0,0,0,0,0
10,2,4976,4,1,2,2,200,12,882,0,0,0,0,0,0,0,0,0,0,0,0,0,0,0,0
10,2,25968,20,1,2,2,200,12,882,0,0,0,0,0,0,0,0,0,0,0,0,0,0,0,0
12,2,16172,12,5,2,2,200,12,882,0,0,0,0,0,0,0,0,0,0,0,0,0,0,0,0
13,2,9719,7,2,2,2,200,12,882,0,0,0,0,0,0,0,0,0,0,0,0,0,0,0,0
13,2,26871,20,2,2,2,200,12,882,0,0,0,0,0,0,0,0,0,0,0,0,0,0,0,0
13,2,25367,19,2,2,2,200,12,882,0,0,0,0,0,0,0,0,0,0,0,0,0,0,0,0
14,2,10038,6,6,2,2,200,12,882,0,0,0,0,0,0,0,0,0,0,0,0,0,0,0,0
15,1,1768,22,3,2,2,200,12,882,0,0,0,0,0,0,0,0,0,0,0,0,0,0,0,0
15,1,18632,14,4,2,2,200,12,882,0,0,0,0,0,0,0,0,0,0,0,0,0,0,0,0
15,1,17720,13,4,2,2,200,12,882,0,0,0,0,0,0,0,0,0,0,0,0,0,0,0,0
15,1,16312,12,4,2,2,200,12,882,0,0,0,0,0,0,0,0,0,0,0,0,0,0,0,0
16,1,12729,9,7,2,2,200,12,882,0,0,0,0,0,0,0,0,0,0,0,0,0,0,0,0
17,1,2241,23,7,2,2,200,12,882,0,0,0,0,0,0,0,0,0,0,0,0,0,0,0,0
17,1,1505,22,7,2,2,200,12,882,0,0,0,0,0,0,0,0,0,0,0,0,0,0,0,0
17,1,20497,15,1,2,2,200,12,882,0,0,0,0,0,0,0,0,0,0,0,0,0,0,0,0
17,1,12577,10,1,2,2,200,12,882,0,0,0,0,0,0,0,0,0,0,0,0,0,0,0,0
17,1,11585,9,1,2,2,200,12,882,0,0,0,0,0,0,0,0,0,0,0,0,0,0,0,0
17,1,24545,18,1,2,2,200,12,882,0,0,0,0,0,0,0,0,0,0,0,0,0,0,0,0
18,1,16068,14,3,2,1,200,12,882,0,0,0,0,0,0,0,0,0,0,0,0,0,0,0,0
18,1,8724,8,3,2,2,200,12,882,0,0,0,0,0,0,0,0,0,0,0,0,0,0,0,0
19,1,524,21,4,2,2,200,12,882,0,0,0,0,0,0,0,0,0,0,0,0,0,0,0,0
20,1,12578,10,2,2,2,200,12,882,0,0,0,0,0,0,0,0,0,0,0,0,0,0,0,0
20,1,3074,0,2,2,2,200,12,882,0,0,0,0,0,0,0,0,0,0,0,0,0,0,0,0
20,1,25986,20,2,2,2,200,12,882,0,0,0,0,0,0,0,0,0,0,0,0,0,0,0,0
20,1,23698,18,2,2,2,200,12,882,0,0,0,0,0,0,0,0,0,0,0,0,0,0,0,0
21,1,8157,6,6,2,2,200,12,882,0,0,0,0,0,0,0,0,0,0,0,0,0,0,0,0
21,1,24189,18,6,2,2,200,12,882,0,0,0,0,0,0,0,0,0,0,0,0,0,0,0,0
